chain_ones=1_hidden=0_hetero=0_scramble=0 SEM [+1.000, +1.000, +1.000, +1.000, +1.000, +0.000, +0.000, +0.000, +0.000, +0.000] 0.00000 0.00000
chain_ones=1_hidden=0_hetero=0_scramble=0 ERM [-0.020, +0.247, +0.425, +0.489, +0.274, +0.268, +0.061, -0.035, +0.041, +0.043] 0.54512 0.01605
chain_ones=1_hidden=0_hetero=0_scramble=0 IRM [+0.509, +0.644, +0.755, +1.141, +0.467, +0.367, +0.170, +0.546, +0.439, +0.435] 0.14629 0.16857
chain_ones=1_hidden=0_hetero=0_scramble=0 SEM [+1.000, +1.000, +1.000, +1.000, +1.000, +0.000, +0.000, +0.000, +0.000, +0.000] 0.00000 0.00000
chain_ones=1_hidden=0_hetero=0_scramble=0 ERM [+0.304, +0.512, -0.087, -0.046, +0.044, +0.083, +0.041, -0.026, +0.076, +0.251] 0.78282 0.01557
chain_ones=1_hidden=0_hetero=0_scramble=0 IRM [+0.225, +0.839, +0.016, +0.899, +0.746, +0.645, -0.030, -0.686, +0.600, +0.261] 0.33401 0.26323
chain_ones=1_hidden=0_hetero=0_scramble=0 SEM [+1.000, +1.000, +1.000, +1.000, +1.000, +0.000, +0.000, +0.000, +0.000, +0.000] 0.00000 0.00000
chain_ones=1_hidden=0_hetero=0_scramble=0 ERM [+0.427, +0.317, +0.481, +0.140, +0.205, -0.028, +0.086, -0.064, +0.149, +0.155] 0.48754 0.01173
chain_ones=1_hidden=0_hetero=0_scramble=0 IRM [+0.891, +0.530, +0.660, +1.200, +0.736, +0.355, +0.216, +0.411, -0.194, +0.352] 0.09165 0.10058
chain_ones=1_hidden=0_hetero=0_scramble=0 SEM [+1.000, +1.000, +1.000, +1.000, +1.000, +0.000, +0.000, +0.000, +0.000, +0.000] 0.00000 0.00000
chain_ones=1_hidden=0_hetero=0_scramble=0 ERM [+0.315, +0.118, +0.054, +0.067, +0.205, -0.110, +0.082, +0.264, +0.093, +0.160] 0.72904 0.02460
chain_ones=1_hidden=0_hetero=0_scramble=0 IRM [+1.361, +0.882, +0.897, +1.540, +0.366, -0.339, +0.206, +0.129, -0.271, +0.426] 0.16962 0.08567
chain_ones=1_hidden=0_hetero=0_scramble=0 SEM [+1.000, +1.000, +1.000, +1.000, +1.000, +0.000, +0.000, +0.000, +0.000, +0.000] 0.00000 0.00000
chain_ones=1_hidden=0_hetero=0_scramble=0 ERM [-2.153, +1.361, +0.930, +0.939, -2.952, +1.072, -0.184, +2.633, +0.899, +1.597] 5.13939 2.29504
chain_ones=1_hidden=0_hetero=0_scramble=0 IRM [+0.477, +0.895, +0.334, +1.020, +0.835, +0.412, +0.283, +0.421, -0.138, +0.284] 0.15126 0.10540
chain_ones=1_hidden=0_hetero=0_scramble=0 SEM [+1.000, +1.000, +1.000, +1.000, +1.000, +0.000, +0.000, +0.000, +0.000, +0.000] 0.00000 0.00000
chain_ones=1_hidden=0_hetero=0_scramble=0 ERM [+0.837, +0.583, +0.778, +0.181, +0.766, -0.106, -0.022, -0.130, +0.219, -0.016] 0.19488 0.01530
chain_ones=1_hidden=0_hetero=0_scramble=0 IRM [+0.180, +0.523, +1.443, +0.654, +0.949, +0.499, +0.713, -0.042, +0.135, +0.149] 0.24383 0.15981
chain_ones=1_hidden=0_hetero=0_scramble=0 SEM [+1.000, +1.000, +1.000, +1.000, +1.000, +0.000, +0.000, +0.000, +0.000, +0.000] 0.00000 0.00000
chain_ones=1_hidden=0_hetero=0_scramble=0 ERM [+0.276, +0.088, +0.265, +0.387, +0.261, -0.017, +0.136, +0.054, -0.059, -0.021] 0.56334 0.00511
chain_ones=1_hidden=0_hetero=0_scramble=0 IRM [+0.103, +0.366, -0.059, +0.531, +0.403, +0.549, +0.740, +0.784, +0.441, +0.743] 0.58098 0.44213
chain_ones=1_hidden=0_hetero=0_scramble=0 SEM [+1.000, +1.000, +1.000, +1.000, +1.000, +0.000, +0.000, +0.000, +0.000, +0.000] 0.00000 0.00000
chain_ones=1_hidden=0_hetero=0_scramble=0 ERM [+0.241, +0.029, +0.344, +0.219, +0.254, +0.050, +0.138, -0.013, +0.033, +0.053] 0.62301 0.00510
chain_ones=1_hidden=0_hetero=0_scramble=0 IRM [+0.516, +0.822, +0.047, +0.947, +0.449, +0.085, +0.508, +0.381, +0.324, +0.427] 0.29604 0.13961
chain_ones=1_hidden=0_hetero=0_scramble=0 SEM [+1.000, +1.000, +1.000, +1.000, +1.000, +0.000, +0.000, +0.000, +0.000, +0.000] 0.00000 0.00000
chain_ones=1_hidden=0_hetero=0_scramble=0 ERM [+0.732, +0.351, +0.299, -0.201, -0.044, -0.347, -0.226, +0.005, +0.326, +0.155] 0.70351 0.06035
chain_ones=1_hidden=0_hetero=0_scramble=0 IRM [+0.772, +0.719, +0.990, +0.964, +1.472, +0.210, +0.152, -0.046, -0.222, -0.024] 0.07097 0.02385
chain_ones=1_hidden=0_hetero=0_scramble=0 SEM [+1.000, +1.000, +1.000, +1.000, +1.000, +0.000, +0.000, +0.000, +0.000, +0.000] 0.00000 0.00000
chain_ones=1_hidden=0_hetero=0_scramble=0 ERM [+0.291, +0.514, +0.382, +0.153, +0.284, -0.026, -0.098, -0.003, +0.141, +0.025] 0.46975 0.00614
chain_ones=1_hidden=0_hetero=0_scramble=0 IRM [+1.167, +1.279, +1.068, -0.250, +1.082, -0.379, +0.024, -0.426, +1.141, +0.212] 0.33598 0.33439chain_ones=1_hidden=0_hetero=0_scramble=1 SEM [+1.000, +1.000, +1.000, +1.000, +1.000, +0.000, +0.000, +0.000, +0.000, +0.000] 0.00000 0.00000
chain_ones=1_hidden=0_hetero=0_scramble=1 ERM [+0.060, -0.035, +0.121, +0.317, +0.279, +0.108, +0.073, +0.002, -0.099, -0.116] 0.74290 0.00803
chain_ones=1_hidden=0_hetero=0_scramble=1 IRM [+1.206, +1.514, +0.311, +0.681, -0.284, +0.416, -0.037, +0.298, +0.152, +0.563] 0.50624 0.12059
chain_ones=1_hidden=0_hetero=0_scramble=1 SEM [+1.000, +1.000, +1.000, +1.000, +1.000, +0.000, +0.000, +0.000, +0.000, +0.000] 0.00000 0.00000
chain_ones=1_hidden=0_hetero=0_scramble=1 ERM [+0.057, +0.080, +0.329, +0.201, +0.403, +0.223, +0.250, +0.011, +0.083, -0.189] 0.63599 0.03100
chain_ones=1_hidden=0_hetero=0_scramble=1 IRM [+1.225, +0.922, +0.774, +0.640, +0.271, +0.525, +0.443, +0.303, +0.295, +0.033] 0.15385 0.13048
chain_ones=1_hidden=0_hetero=0_scramble=1 SEM [+1.000, +1.000, +1.000, +1.000, +1.000, +0.000, +0.000, +0.000, +0.000, +0.000] 0.00000 0.00000
chain_ones=1_hidden=0_hetero=0_scramble=1 ERM [+0.404, +0.024, +0.809, +0.498, +0.184, -0.150, +0.264, -0.296, +0.023, +0.015] 0.45240 0.03606
chain_ones=1_hidden=0_hetero=0_scramble=1 IRM [+0.992, +0.951, +0.937, +1.189, +0.027, -0.103, -0.008, +0.267, +0.270, +0.700] 0.19782 0.12900
chain_ones=1_hidden=0_hetero=0_scramble=1 SEM [+1.000, +1.000, +1.000, +1.000, +1.000, +0.000, +0.000, +0.000, +0.000, +0.000] 0.00000 0.00000
chain_ones=1_hidden=0_hetero=0_scramble=1 ERM [+0.237, +0.186, +0.203, +0.182, +0.094, +0.021, +0.127, +0.080, +0.019, +0.172] 0.67384 0.01061
chain_ones=1_hidden=0_hetero=0_scramble=1 IRM [+0.440, +0.219, +0.900, -0.229, +0.540, +0.752, +0.464, +0.373, +0.667, +0.398] 0.53145 0.30456
chain_ones=1_hidden=0_hetero=0_scramble=1 SEM [+1.000, +1.000, +1.000, +1.000, +1.000, +0.000, +0.000, +0.000, +0.000, +0.000] 0.00000 0.00000
chain_ones=1_hidden=0_hetero=0_scramble=1 ERM [+0.345, +0.303, +0.215, +0.533, +0.225, +0.047, -0.173, +0.017, -0.213, -0.028] 0.46987 0.01568
chain_ones=1_hidden=0_hetero=0_scramble=1 IRM [+0.250, +0.352, +1.432, +0.901, +0.746, +0.681, +0.630, -0.576, +0.121, +0.238] 0.24862 0.25247
chain_ones=1_hidden=0_hetero=0_scramble=1 SEM [+1.000, +1.000, +1.000, +1.000, +1.000, +0.000, +0.000, +0.000, +0.000, +0.000] 0.00000 0.00000
chain_ones=1_hidden=0_hetero=0_scramble=1 ERM [+1.033, -0.912, +1.663, +0.100, +0.623, -0.411, +0.450, -0.641, +0.377, -0.444] 1.00936 0.22428
chain_ones=1_hidden=0_hetero=0_scramble=1 IRM [+0.479, +0.540, +0.814, +0.970, +0.584, +0.460, +0.220, +0.251, +0.022, +0.340] 0.13837 0.08783
chain_ones=1_hidden=0_hetero=0_scramble=1 SEM [+1.000, +1.000, +1.000, +1.000, +1.000, +0.000, +0.000, +0.000, +0.000, +0.000] 0.00000 0.00000
chain_ones=1_hidden=0_hetero=0_scramble=1 ERM [+0.153, +0.353, +0.317, +0.101, +0.219, +0.073, -0.050, -0.091, +0.173, +0.037] 0.60398 0.00950
chain_ones=1_hidden=0_hetero=0_scramble=1 IRM [+0.765, +1.071, +0.792, +1.593, +0.448, +0.230, -0.297, +0.182, -0.210, +0.428] 0.15206 0.08029
chain_ones=1_hidden=0_hetero=0_scramble=1 SEM [+1.000, +1.000, +1.000, +1.000, +1.000, +0.000, +0.000, +0.000, +0.000, +0.000] 0.00000 0.00000
chain_ones=1_hidden=0_hetero=0_scramble=1 ERM [+0.109, +0.068, +0.200, +0.092, +0.280, +0.107, +0.080, +0.035, +0.046, -0.036] 0.72900 0.00447
chain_ones=1_hidden=0_hetero=0_scramble=1 IRM [+0.493, +1.165, +1.312, +0.761, +1.184, +0.450, -0.209, -0.298, +0.092, -0.058] 0.09455 0.06940
chain_ones=1_hidden=0_hetero=0_scramble=1 SEM [+1.000, +1.000, +1.000, +1.000, +1.000, +0.000, +0.000, +0.000, +0.000, +0.000] 0.00000 0.00000
chain_ones=1_hidden=0_hetero=0_scramble=1 ERM [+0.068, +0.156, +0.103, +0.081, +0.340, +0.072, +0.078, +0.027, +0.069, -0.055] 0.73298 0.00394
chain_ones=1_hidden=0_hetero=0_scramble=1 IRM [+0.983, +0.784, +1.081, +1.277, +0.754, -0.112, -0.305, -0.070, -0.147, +0.438] 0.03822 0.06471
chain_ones=1_hidden=0_hetero=0_scramble=1 SEM [+1.000, +1.000, +1.000, +1.000, +1.000, +0.000, +0.000, +0.000, +0.000, +0.000] 0.00000 0.00000
chain_ones=1_hidden=0_hetero=0_scramble=1 ERM [-0.499, -0.940, +0.089, +0.279, -0.706, +0.792, +0.956, +0.122, +0.317, +0.617] 2.05449 0.40739
chain_ones=1_hidden=0_hetero=0_scramble=1 IRM [-0.247, +0.618, +0.543, +0.056, +0.192, +0.287, +0.018, +0.409, +0.364, +1.183] 0.69028 0.35659chain_ones=1_hidden=0_hetero=1_scramble=0 SEM [+1.000, +1.000, +1.000, +1.000, +1.000, +0.000, +0.000, +0.000, +0.000, +0.000] 0.00000 0.00000
chain_ones=1_hidden=0_hetero=1_scramble=0 ERM [+0.290, -0.052, +0.029, -0.012, +0.056, +0.061, +0.298, +0.239, +0.242, +0.237] 0.89364 0.05280
chain_ones=1_hidden=0_hetero=1_scramble=0 IRM [+0.633, -0.287, +0.009, -0.273, +0.560, +0.293, +0.904, +1.036, +1.373, +0.814] 0.91730 0.90483
chain_ones=1_hidden=0_hetero=1_scramble=0 SEM [+1.000, +1.000, +1.000, +1.000, +1.000, +0.000, +0.000, +0.000, +0.000, +0.000] 0.00000 0.00000
chain_ones=1_hidden=0_hetero=1_scramble=0 ERM [-0.050, +0.038, -0.176, +0.125, +0.178, +0.303, +0.288, +0.400, +0.162, +0.060] 0.97048 0.07285
chain_ones=1_hidden=0_hetero=1_scramble=0 IRM [-0.091, +0.140, +0.453, +0.507, +1.074, +0.859, +1.203, +0.608, +0.882, +0.027] 0.49526 0.66642
chain_ones=1_hidden=0_hetero=1_scramble=0 SEM [+1.000, +1.000, +1.000, +1.000, +1.000, +0.000, +0.000, +0.000, +0.000, +0.000] 0.00000 0.00000
chain_ones=1_hidden=0_hetero=1_scramble=0 ERM [+0.130, +0.037, +0.088, -0.028, -0.099, +0.220, +0.241, +0.174, +0.218, +0.253] 0.95615 0.04971
chain_ones=1_hidden=0_hetero=1_scramble=0 IRM [+0.478, -0.137, +0.329, -0.098, -1.109, +0.667, +1.387, +0.775, +1.196, +1.273] 1.53432 1.20444
chain_ones=1_hidden=0_hetero=1_scramble=0 SEM [+1.000, +1.000, +1.000, +1.000, +1.000, +0.000, +0.000, +0.000, +0.000, +0.000] 0.00000 0.00000
chain_ones=1_hidden=0_hetero=1_scramble=0 ERM [+0.136, +0.136, -0.156, -0.150, -0.128, +0.158, +0.090, +0.222, +0.352, +0.269] 1.08482 0.05564
chain_ones=1_hidden=0_hetero=1_scramble=0 IRM [+1.017, +0.259, +0.306, -0.278, +0.268, +0.760, +0.557, +0.534, +1.338, +0.825] 0.64009 0.72921
chain_ones=1_hidden=0_hetero=1_scramble=0 SEM [+1.000, +1.000, +1.000, +1.000, +1.000, +0.000, +0.000, +0.000, +0.000, +0.000] 0.00000 0.00000
chain_ones=1_hidden=0_hetero=1_scramble=0 ERM [+0.232, +0.054, +0.178, +0.103, +0.016, +0.085, +0.243, +0.265, +0.221, +0.211] 0.78644 0.04606
chain_ones=1_hidden=0_hetero=1_scramble=0 IRM [-0.119, +0.072, +0.207, +0.333, +0.430, +1.341, +0.728, +0.549, +0.728, +0.508] 0.70263 0.68340
chain_ones=1_hidden=0_hetero=1_scramble=0 SEM [+1.000, +1.000, +1.000, +1.000, +1.000, +0.000, +0.000, +0.000, +0.000, +0.000] 0.00000 0.00000
chain_ones=1_hidden=0_hetero=1_scramble=0 ERM [-0.209, +0.176, +0.019, -0.298, -0.056, +0.217, -0.020, +0.187, +0.248, +0.219] 1.18061 0.03839
chain_ones=1_hidden=0_hetero=1_scramble=0 IRM [-0.137, +1.077, +0.316, +0.634, +1.220, +0.841, +0.191, +1.688, -0.134, -0.382] 0.38971 0.75136
chain_ones=1_hidden=0_hetero=1_scramble=0 SEM [+1.000, +1.000, +1.000, +1.000, +1.000, +0.000, +0.000, +0.000, +0.000, +0.000] 0.00000 0.00000
chain_ones=1_hidden=0_hetero=1_scramble=0 ERM [+0.079, +0.151, +0.167, +0.085, +0.183, +0.112, +0.199, +0.081, +0.195, +0.123] 0.75323 0.02235
chain_ones=1_hidden=0_hetero=1_scramble=0 IRM [+0.453, +0.915, +0.129, +0.307, +0.448, +0.707, +0.782, +0.653, +0.889, +0.432] 0.36987 0.50259
chain_ones=1_hidden=0_hetero=1_scramble=0 SEM [+1.000, +1.000, +1.000, +1.000, +1.000, +0.000, +0.000, +0.000, +0.000, +0.000] 0.00000 0.00000
chain_ones=1_hidden=0_hetero=1_scramble=0 ERM [+0.154, +0.115, -0.157, -0.343, -0.030, +0.012, +0.215, +0.290, +0.514, +0.148] 1.13969 0.08323
chain_ones=1_hidden=0_hetero=1_scramble=0 IRM [-0.375, -0.133, +0.026, -0.217, -0.465, +0.742, +1.202, +1.013, +1.398, +1.375] 1.54980 1.37359
chain_ones=1_hidden=0_hetero=1_scramble=0 SEM [+1.000, +1.000, +1.000, +1.000, +1.000, +0.000, +0.000, +0.000, +0.000, +0.000] 0.00000 0.00000
chain_ones=1_hidden=0_hetero=1_scramble=0 ERM [+0.158, -0.482, +1.069, -0.963, -0.170, +0.399, +0.897, -0.091, +1.104, +0.826] 1.62641 0.57498
chain_ones=1_hidden=0_hetero=1_scramble=0 IRM [-0.031, +0.901, +0.871, +0.846, +0.549, +0.386, +0.517, +0.397, +0.848, +0.364] 0.26315 0.28526
chain_ones=1_hidden=0_hetero=1_scramble=0 SEM [+1.000, +1.000, +1.000, +1.000, +1.000, +0.000, +0.000, +0.000, +0.000, +0.000] 0.00000 0.00000
chain_ones=1_hidden=0_hetero=1_scramble=0 ERM [-0.350, -0.058, -0.046, -0.231, +0.353, +0.470, +0.257, +0.309, +0.475, +0.146] 1.19433 0.12578
chain_ones=1_hidden=0_hetero=1_scramble=0 IRM [+0.841, -0.669, +0.460, +1.077, +0.699, -0.021, +0.723, +0.840, -0.375, +0.991] 0.63941 0.47008chain_ones=1_hidden=1_hetero=0_scramble=0 SEM [+1.000, +1.000, +1.000, +1.000, +1.000, +0.000, +0.000, +0.000, +0.000, +0.000] 0.00000 0.00000
chain_ones=1_hidden=1_hetero=0_scramble=0 ERM [+1.189, +0.139, +1.077, +0.063, +0.204, -0.060, +0.143, -0.257, +0.425, +0.198] 0.45876 0.06201
chain_ones=1_hidden=1_hetero=0_scramble=0 IRM [+0.793, +0.651, +0.728, +1.389, +1.072, +0.247, +0.099, +0.307, +0.111, +0.198] 0.07912 0.04327
chain_ones=1_hidden=1_hetero=0_scramble=0 SEM [+1.000, +1.000, +1.000, +1.000, +1.000, +0.000, +0.000, +0.000, +0.000, +0.000] 0.00000 0.00000
chain_ones=1_hidden=1_hetero=0_scramble=0 ERM [+0.279, +0.378, +0.472, -0.124, +0.596, -0.036, +0.023, +0.078, +0.322, +0.010] 0.52209 0.02230
chain_ones=1_hidden=1_hetero=0_scramble=0 IRM [+0.249, -0.763, +1.013, +0.913, +2.064, +0.138, +1.025, +0.432, -0.188, +0.067] 0.96221 0.25930
chain_ones=1_hidden=1_hetero=0_scramble=0 SEM [+1.000, +1.000, +1.000, +1.000, +1.000, +0.000, +0.000, +0.000, +0.000, +0.000] 0.00000 0.00000
chain_ones=1_hidden=1_hetero=0_scramble=0 ERM [+0.832, +0.826, +0.394, +0.898, +1.358, -0.188, -0.112, +0.107, +0.013, -0.062] 0.11297 0.01270
chain_ones=1_hidden=1_hetero=0_scramble=0 IRM [+1.277, +1.176, +1.568, +1.091, +2.599, -0.646, -0.245, -0.097, +0.244, -1.101] 0.59901 0.35187
chain_ones=1_hidden=1_hetero=0_scramble=0 SEM [+1.000, +1.000, +1.000, +1.000, +1.000, +0.000, +0.000, +0.000, +0.000, +0.000] 0.00000 0.00000
chain_ones=1_hidden=1_hetero=0_scramble=0 ERM [+0.384, +0.372, +0.323, +0.364, +0.245, +0.061, -0.021, +0.009, +0.076, +0.051] 0.44148 0.00253
chain_ones=1_hidden=1_hetero=0_scramble=0 IRM [+0.584, +0.728, +1.518, +0.695, +1.223, +0.413, +0.122, -0.059, +0.398, +0.102] 0.13158 0.07160
chain_ones=1_hidden=1_hetero=0_scramble=0 SEM [+1.000, +1.000, +1.000, +1.000, +1.000, +0.000, +0.000, +0.000, +0.000, +0.000] 0.00000 0.00000
chain_ones=1_hidden=1_hetero=0_scramble=0 ERM [+0.758, +0.658, +0.274, +0.965, +0.420, +0.010, +0.098, +0.057, -0.366, +0.304] 0.20818 0.04777
chain_ones=1_hidden=1_hetero=0_scramble=0 IRM [+1.007, +1.044, +1.161, +1.333, +1.370, -0.038, -0.320, -0.074, +0.182, +0.360] 0.05515 0.05443
chain_ones=1_hidden=1_hetero=0_scramble=0 SEM [+1.000, +1.000, +1.000, +1.000, +1.000, +0.000, +0.000, +0.000, +0.000, +0.000] 0.00000 0.00000
chain_ones=1_hidden=1_hetero=0_scramble=0 ERM [+0.402, +0.308, +0.185, +0.395, +0.307, +0.088, +0.140, +0.177, +0.049, +0.056] 0.46913 0.01282
chain_ones=1_hidden=1_hetero=0_scramble=0 IRM [+1.102, +0.475, +0.692, -0.101, +1.257, -0.035, +0.397, +0.181, +0.509, -0.041] 0.33175 0.09041
chain_ones=1_hidden=1_hetero=0_scramble=0 SEM [+1.000, +1.000, +1.000, +1.000, +1.000, +0.000, +0.000, +0.000, +0.000, +0.000] 0.00000 0.00000
chain_ones=1_hidden=1_hetero=0_scramble=0 ERM [+0.632, +0.833, +0.422, +0.651, +0.360, -0.029, -0.096, -0.003, -0.101, -0.017] 0.20580 0.00412
chain_ones=1_hidden=1_hetero=0_scramble=0 IRM [+1.150, +1.438, +0.689, +1.352, +1.219, +0.183, -0.255, +0.027, -0.191, -0.173] 0.09659 0.03315
chain_ones=1_hidden=1_hetero=0_scramble=0 SEM [+1.000, +1.000, +1.000, +1.000, +1.000, +0.000, +0.000, +0.000, +0.000, +0.000] 0.00000 0.00000
chain_ones=1_hidden=1_hetero=0_scramble=0 ERM [+0.496, +0.281, +0.375, +0.216, +0.193, -0.111, +0.060, -0.008, +0.096, +0.068] 0.48532 0.00593
chain_ones=1_hidden=1_hetero=0_scramble=0 IRM [+1.182, +0.355, +1.438, +1.407, +0.372, -0.304, +0.590, -0.340, +0.233, +0.145] 0.24023 0.12647
chain_ones=1_hidden=1_hetero=0_scramble=0 SEM [+1.000, +1.000, +1.000, +1.000, +1.000, +0.000, +0.000, +0.000, +0.000, +0.000] 0.00000 0.00000
chain_ones=1_hidden=1_hetero=0_scramble=0 ERM [+0.343, +0.490, +0.557, +0.215, +0.387, +0.072, -0.053, +0.026, +0.055, +0.066] 0.37582 0.00319
chain_ones=1_hidden=1_hetero=0_scramble=0 IRM [+0.918, +0.645, +1.164, +0.540, +0.803, +0.434, +0.024, +0.142, +0.326, +0.096] 0.08185 0.06494
chain_ones=1_hidden=1_hetero=0_scramble=0 SEM [+1.000, +1.000, +1.000, +1.000, +1.000, +0.000, +0.000, +0.000, +0.000, +0.000] 0.00000 0.00000
chain_ones=1_hidden=1_hetero=0_scramble=0 ERM [+0.405, +0.396, +0.458, +0.355, +0.381, +0.135, +0.121, +0.029, +0.143, -0.076] 0.36232 0.01203
chain_ones=1_hidden=1_hetero=0_scramble=0 IRM [+0.884, +1.433, +0.869, +1.424, +0.098, +0.625, -0.002, +0.148, -0.007, +0.585] 0.24239 0.15095chain_ones=1_hidden=1_hetero=0_scramble=1 SEM [+1.000, +1.000, +1.000, +1.000, +1.000, +0.000, +0.000, +0.000, +0.000, +0.000] 0.00000 0.00000
chain_ones=1_hidden=1_hetero=0_scramble=1 ERM [+0.320, +0.435, +0.791, +0.592, +0.400, +0.064, -0.264, -0.223, -0.170, +0.024] 0.27032 0.03056
chain_ones=1_hidden=1_hetero=0_scramble=1 IRM [+0.798, +1.058, +1.375, +0.770, +0.519, +0.378, -0.527, +0.085, +0.001, +0.418] 0.09377 0.12047
chain_ones=1_hidden=1_hetero=0_scramble=1 SEM [+1.000, +1.000, +1.000, +1.000, +1.000, +0.000, +0.000, +0.000, +0.000, +0.000] 0.00000 0.00000
chain_ones=1_hidden=1_hetero=0_scramble=1 ERM [+0.997, +0.130, +0.672, +0.182, +0.434, -0.052, +0.105, -0.118, +0.169, +0.174] 0.37077 0.01731
chain_ones=1_hidden=1_hetero=0_scramble=1 IRM [+1.259, +0.555, +0.486, +0.434, +1.163, +0.097, +0.318, -0.384, +0.387, +0.197] 0.17510 0.08918
chain_ones=1_hidden=1_hetero=0_scramble=1 SEM [+1.000, +1.000, +1.000, +1.000, +1.000, +0.000, +0.000, +0.000, +0.000, +0.000] 0.00000 0.00000
chain_ones=1_hidden=1_hetero=0_scramble=1 ERM [+0.558, +0.507, +0.101, +0.446, +0.346, +0.082, -0.037, +0.104, +0.016, +0.020] 0.39638 0.00389
chain_ones=1_hidden=1_hetero=0_scramble=1 IRM [+0.913, +0.990, +1.719, +0.815, +0.463, +0.357, +0.292, -0.263, -0.085, +0.101] 0.16951 0.05987
chain_ones=1_hidden=1_hetero=0_scramble=1 SEM [+1.000, +1.000, +1.000, +1.000, +1.000, +0.000, +0.000, +0.000, +0.000, +0.000] 0.00000 0.00000
chain_ones=1_hidden=1_hetero=0_scramble=1 ERM [+1.224, +0.646, +0.503, +0.195, +0.966, -0.294, +0.298, +0.289, +0.588, +0.063] 0.21449 0.12168
chain_ones=1_hidden=1_hetero=0_scramble=1 IRM [+0.877, +0.791, +0.861, +0.841, +1.006, +0.490, +0.270, +0.129, +0.154, +0.587] 0.02065 0.13977
chain_ones=1_hidden=1_hetero=0_scramble=1 SEM [+1.000, +1.000, +1.000, +1.000, +1.000, +0.000, +0.000, +0.000, +0.000, +0.000] 0.00000 0.00000
chain_ones=1_hidden=1_hetero=0_scramble=1 ERM [+0.445, +0.272, -0.127, +1.042, +0.470, +0.525, +0.497, +0.598, -0.278, -0.198] 0.47842 0.19939
chain_ones=1_hidden=1_hetero=0_scramble=1 IRM [+2.159, +0.836, -0.366, +1.960, +1.149, -0.361, +0.017, +0.617, -0.697, +0.128] 0.83579 0.20296
chain_ones=1_hidden=1_hetero=0_scramble=1 SEM [+1.000, +1.000, +1.000, +1.000, +1.000, +0.000, +0.000, +0.000, +0.000, +0.000] 0.00000 0.00000
chain_ones=1_hidden=1_hetero=0_scramble=1 ERM [+0.137, +0.015, +0.289, +0.254, +0.194, +0.087, +0.121, +0.051, +0.042, +0.040] 0.68534 0.00564
chain_ones=1_hidden=1_hetero=0_scramble=1 IRM [+0.703, -0.715, +0.608, +0.563, +0.998, +0.715, +0.861, +0.365, +0.657, -0.192] 0.67516 0.37081
chain_ones=1_hidden=1_hetero=0_scramble=1 SEM [+1.000, +1.000, +1.000, +1.000, +1.000, +0.000, +0.000, +0.000, +0.000, +0.000] 0.00000 0.00000
chain_ones=1_hidden=1_hetero=0_scramble=1 ERM [+0.474, +0.418, +0.183, +0.224, +0.238, -0.149, -0.055, -0.029, +0.013, +0.037] 0.49304 0.00551
chain_ones=1_hidden=1_hetero=0_scramble=1 IRM [+1.188, +1.124, +0.511, +0.614, +1.017, +0.252, +0.033, +0.239, +0.246, +0.077] 0.08778 0.03758
chain_ones=1_hidden=1_hetero=0_scramble=1 SEM [+1.000, +1.000, +1.000, +1.000, +1.000, +0.000, +0.000, +0.000, +0.000, +0.000] 0.00000 0.00000
chain_ones=1_hidden=1_hetero=0_scramble=1 ERM [+0.347, +0.225, +0.121, +0.474, +0.329, -0.063, +0.029, +0.077, -0.067, -0.038] 0.50535 0.00333
chain_ones=1_hidden=1_hetero=0_scramble=1 IRM [+0.582, +0.506, +2.408, +0.466, +1.829, -0.366, +1.044, -0.927, -0.041, +0.137] 0.67460 0.42060
chain_ones=1_hidden=1_hetero=0_scramble=1 SEM [+1.000, +1.000, +1.000, +1.000, +1.000, +0.000, +0.000, +0.000, +0.000, +0.000] 0.00000 0.00000
chain_ones=1_hidden=1_hetero=0_scramble=1 ERM [+0.519, +0.413, +0.255, +0.201, +0.424, -0.002, -0.020, -0.104, +0.121, +0.018] 0.42033 0.00522
chain_ones=1_hidden=1_hetero=0_scramble=1 IRM [+0.925, +1.521, +0.805, +0.634, +1.095, +0.428, -0.018, +0.181, +0.260, +0.063] 0.09157 0.05758
chain_ones=1_hidden=1_hetero=0_scramble=1 SEM [+1.000, +1.000, +1.000, +1.000, +1.000, +0.000, +0.000, +0.000, +0.000, +0.000] 0.00000 0.00000
chain_ones=1_hidden=1_hetero=0_scramble=1 ERM [+0.116, +0.089, +0.195, +0.389, +0.186, +0.226, +0.169, +0.028, -0.090, +0.028] 0.65901 0.01788
chain_ones=1_hidden=1_hetero=0_scramble=1 IRM [+0.098, +0.307, -0.016, +1.011, +1.244, +1.296, +0.413, +0.489, -0.389, +0.578] 0.47728 0.51483chain_ones=1_hidden=1_hetero=1_scramble=0 SEM [+1.000, +1.000, +1.000, +1.000, +1.000, +0.000, +0.000, +0.000, +0.000, +0.000] 0.00000 0.00000
chain_ones=1_hidden=1_hetero=1_scramble=0 ERM [-0.288, -0.247, +0.700, -0.786, +0.578, +0.848, +1.087, +0.364, +1.074, +0.554] 1.33430 0.69882
chain_ones=1_hidden=1_hetero=1_scramble=0 IRM [+0.593, +0.353, +0.575, -0.809, -0.116, +0.353, +1.121, +1.004, +1.853, +0.817] 1.05634 1.29798
chain_ones=1_hidden=1_hetero=1_scramble=0 SEM [+1.000, +1.000, +1.000, +1.000, +1.000, +0.000, +0.000, +0.000, +0.000, +0.000] 0.00000 0.00000
chain_ones=1_hidden=1_hetero=1_scramble=0 ERM [-0.073, +0.131, +0.200, -0.306, -0.014, +0.290, +0.393, +0.366, +0.314, +0.156] 1.05536 0.09912
chain_ones=1_hidden=1_hetero=1_scramble=0 IRM [+1.603, -0.990, -0.857, -0.072, +0.716, +0.246, +1.141, +1.774, +0.727, +0.568] 1.80022 1.07231
chain_ones=1_hidden=1_hetero=1_scramble=0 SEM [+1.000, +1.000, +1.000, +1.000, +1.000, +0.000, +0.000, +0.000, +0.000, +0.000] 0.00000 0.00000
chain_ones=1_hidden=1_hetero=1_scramble=0 ERM [+0.128, +0.105, +0.072, +0.125, +0.257, +0.187, +0.116, +0.103, +0.138, +0.149] 0.74780 0.02009
chain_ones=1_hidden=1_hetero=1_scramble=0 IRM [-0.069, +0.706, -1.041, +0.391, +1.113, +1.133, +0.661, +0.759, +0.895, +0.534] 1.15600 0.67634
chain_ones=1_hidden=1_hetero=1_scramble=0 SEM [+1.000, +1.000, +1.000, +1.000, +1.000, +0.000, +0.000, +0.000, +0.000, +0.000] 0.00000 0.00000
chain_ones=1_hidden=1_hetero=1_scramble=0 ERM [-0.568, +0.060, +0.279, -0.263, +0.153, +0.444, +0.164, +0.093, +0.258, +0.076] 1.23477 0.06110
chain_ones=1_hidden=1_hetero=1_scramble=0 IRM [-1.125, -0.504, -0.002, +0.670, -0.157, +1.105, +0.901, +0.762, +0.500, +1.544] 1.84639 1.04993
chain_ones=1_hidden=1_hetero=1_scramble=0 SEM [+1.000, +1.000, +1.000, +1.000, +1.000, +0.000, +0.000, +0.000, +0.000, +0.000] 0.00000 0.00000
chain_ones=1_hidden=1_hetero=1_scramble=0 ERM [-0.231, -0.028, +0.313, -0.006, +0.356, +0.380, +0.356, +0.054, +0.430, +0.117] 0.89375 0.09457
chain_ones=1_hidden=1_hetero=1_scramble=0 IRM [+1.312, +0.585, +0.735, -0.065, +1.034, +0.559, +0.744, +0.277, +1.098, +0.337] 0.29497 0.45226
chain_ones=1_hidden=1_hetero=1_scramble=0 SEM [+1.000, +1.000, +1.000, +1.000, +1.000, +0.000, +0.000, +0.000, +0.000, +0.000] 0.00000 0.00000
chain_ones=1_hidden=1_hetero=1_scramble=0 ERM [+0.306, +0.253, -0.210, +0.132, -0.301, +0.100, +0.218, +0.359, +0.163, +0.448] 0.99017 0.08274
chain_ones=1_hidden=1_hetero=1_scramble=0 IRM [+0.725, +0.397, -0.407, +0.958, +0.353, +0.691, +0.865, +1.183, +0.069, +0.449] 0.56746 0.56644
chain_ones=1_hidden=1_hetero=1_scramble=0 SEM [+1.000, +1.000, +1.000, +1.000, +1.000, +0.000, +0.000, +0.000, +0.000, +0.000] 0.00000 0.00000
chain_ones=1_hidden=1_hetero=1_scramble=0 ERM [-0.145, +0.096, +0.115, -0.139, +0.040, +0.185, +0.114, +0.150, +0.293, +0.219] 1.02608 0.04070
chain_ones=1_hidden=1_hetero=1_scramble=0 IRM [+0.770, +1.076, -0.660, +0.522, -0.313, +0.600, +0.101, +0.907, +1.001, +1.313] 0.95369 0.78380
chain_ones=1_hidden=1_hetero=1_scramble=0 SEM [+1.000, +1.000, +1.000, +1.000, +1.000, +0.000, +0.000, +0.000, +0.000, +0.000] 0.00000 0.00000
chain_ones=1_hidden=1_hetero=1_scramble=0 ERM [+0.149, -0.052, +0.113, +0.134, -0.071, +0.167, +0.345, +0.245, +0.147, +0.163] 0.90278 0.05102
chain_ones=1_hidden=1_hetero=1_scramble=0 IRM [-0.306, -0.070, +0.060, +0.056, +0.336, +1.130, +1.113, +1.008, +0.800, +0.478] 1.01332 0.87976
chain_ones=1_hidden=1_hetero=1_scramble=0 SEM [+1.000, +1.000, +1.000, +1.000, +1.000, +0.000, +0.000, +0.000, +0.000, +0.000] 0.00000 0.00000
chain_ones=1_hidden=1_hetero=1_scramble=0 ERM [+0.247, -0.215, +0.519, +0.530, +0.049, +0.264, +0.427, +0.139, +0.222, +0.414] 0.67987 0.09832
chain_ones=1_hidden=1_hetero=1_scramble=0 IRM [+0.640, +0.353, +0.394, +1.140, -0.812, +0.223, +0.930, +0.461, +0.478, +1.600] 0.84339 0.78338
chain_ones=1_hidden=1_hetero=1_scramble=0 SEM [+1.000, +1.000, +1.000, +1.000, +1.000, +0.000, +0.000, +0.000, +0.000, +0.000] 0.00000 0.00000
chain_ones=1_hidden=1_hetero=1_scramble=0 ERM [+0.006, +0.267, -0.289, +0.282, +0.392, +0.355, +0.161, +0.378, +0.201, +0.266] 0.81456 0.08126
chain_ones=1_hidden=1_hetero=1_scramble=0 IRM [+0.201, +0.569, -1.015, +0.841, +1.012, +0.758, +0.469, +1.201, +0.597, +0.795] 0.98168 0.64535chain_ones=1_hidden=1_hetero=1_scramble=1 SEM [+1.000, +1.000, +1.000, +1.000, +1.000, +0.000, +0.000, +0.000, +0.000, +0.000] 0.00000 0.00000
chain_ones=1_hidden=1_hetero=1_scramble=1 ERM [-0.042, -0.066, -0.109, +0.007, -0.036, +0.410, +0.146, +0.389, +0.140, +0.505] 1.10268 0.12305
chain_ones=1_hidden=1_hetero=1_scramble=1 IRM [+0.102, -0.292, -0.478, -0.324, +0.417, +0.965, +0.548, +1.379, +1.118, +0.878] 1.35076 1.03089
chain_ones=1_hidden=1_hetero=1_scramble=1 SEM [+1.000, +1.000, +1.000, +1.000, +1.000, +0.000, +0.000, +0.000, +0.000, +0.000] 0.00000 0.00000
chain_ones=1_hidden=1_hetero=1_scramble=1 ERM [-0.133, +0.092, +0.012, +0.078, +0.302, +0.450, +0.463, +0.473, +0.559, +0.530] 0.88423 0.24667
chain_ones=1_hidden=1_hetero=1_scramble=1 IRM [+0.115, -0.647, -0.927, +0.170, +0.413, +1.220, +1.174, +1.327, +0.938, +1.079] 1.64870 1.33446
chain_ones=1_hidden=1_hetero=1_scramble=1 SEM [+1.000, +1.000, +1.000, +1.000, +1.000, +0.000, +0.000, +0.000, +0.000, +0.000] 0.00000 0.00000
chain_ones=1_hidden=1_hetero=1_scramble=1 ERM [-0.021, -0.017, +0.101, +0.067, -0.150, +0.253, +0.401, +0.225, +0.428, +0.244] 1.01547 0.10360
chain_ones=1_hidden=1_hetero=1_scramble=1 IRM [-0.136, -0.055, +0.432, +2.117, -0.321, +0.969, +1.267, +0.718, -0.259, +1.057] 1.14385 0.84911
chain_ones=1_hidden=1_hetero=1_scramble=1 SEM [+1.000, +1.000, +1.000, +1.000, +1.000, +0.000, +0.000, +0.000, +0.000, +0.000] 0.00000 0.00000
chain_ones=1_hidden=1_hetero=1_scramble=1 ERM [-0.039, -0.130, +0.101, -0.051, +0.270, +0.204, +0.405, +0.340, -0.007, +0.146] 0.96065 0.06853
chain_ones=1_hidden=1_hetero=1_scramble=1 IRM [+0.405, +0.124, +0.138, +0.407, -0.387, +0.710, +0.736, +0.855, +0.630, +1.216] 0.82817 0.73068
chain_ones=1_hidden=1_hetero=1_scramble=1 SEM [+1.000, +1.000, +1.000, +1.000, +1.000, +0.000, +0.000, +0.000, +0.000, +0.000] 0.00000 0.00000
chain_ones=1_hidden=1_hetero=1_scramble=1 ERM [+0.695, +0.835, +0.378, +0.378, +0.268, -0.087, +0.007, +0.210, +0.087, +0.082] 0.28606 0.01315
chain_ones=1_hidden=1_hetero=1_scramble=1 IRM [+0.267, +0.352, +0.065, +0.163, +0.474, +1.014, +0.512, +1.000, +0.786, +1.080] 0.56171 0.81454
chain_ones=1_hidden=1_hetero=1_scramble=1 SEM [+1.000, +1.000, +1.000, +1.000, +1.000, +0.000, +0.000, +0.000, +0.000, +0.000] 0.00000 0.00000
chain_ones=1_hidden=1_hetero=1_scramble=1 ERM [-0.011, +0.157, +0.072, +0.151, +0.043, +0.351, +0.282, +0.155, +0.216, +0.197] 0.84585 0.06235
chain_ones=1_hidden=1_hetero=1_scramble=1 IRM [-0.371, +0.395, -0.153, +0.622, +0.111, +1.320, +0.897, +0.675, +0.781, +0.979] 0.90193 0.91461
chain_ones=1_hidden=1_hetero=1_scramble=1 SEM [+1.000, +1.000, +1.000, +1.000, +1.000, +0.000, +0.000, +0.000, +0.000, +0.000] 0.00000 0.00000
chain_ones=1_hidden=1_hetero=1_scramble=1 ERM [+0.240, -0.178, +0.164, -0.062, -0.128, +0.358, +0.456, +0.346, +0.453, +0.296] 1.01307 0.14973
chain_ones=1_hidden=1_hetero=1_scramble=1 IRM [-0.195, +0.342, +0.619, +0.524, -0.236, +0.631, +0.733, +1.110, +0.073, +1.183] 0.75190 0.71475
chain_ones=1_hidden=1_hetero=1_scramble=1 SEM [+1.000, +1.000, +1.000, +1.000, +1.000, +0.000, +0.000, +0.000, +0.000, +0.000] 0.00000 0.00000
chain_ones=1_hidden=1_hetero=1_scramble=1 ERM [-0.007, -0.288, +0.041, +0.053, -0.031, +0.126, +0.255, +0.169, +0.106, +0.202] 1.11051 0.03229
chain_ones=1_hidden=1_hetero=1_scramble=1 IRM [+0.687, -0.552, +1.990, -0.276, +0.722, +0.578, +0.791, +0.160, +0.562, +0.696] 1.03824 0.35730
chain_ones=1_hidden=1_hetero=1_scramble=1 SEM [+1.000, +1.000, +1.000, +1.000, +1.000, +0.000, +0.000, +0.000, +0.000, +0.000] 0.00000 0.00000
chain_ones=1_hidden=1_hetero=1_scramble=1 ERM [-0.540, +0.733, -0.177, +0.087, +0.121, +0.885, +0.425, +0.683, +0.705, +0.452] 1.08715 0.42626
chain_ones=1_hidden=1_hetero=1_scramble=1 IRM [-1.136, -1.398, -0.543, +1.219, +0.526, +1.307, +1.523, +0.890, +1.035, +1.028] 2.59337 1.38936
chain_ones=1_hidden=1_hetero=1_scramble=1 SEM [+1.000, +1.000, +1.000, +1.000, +1.000, +0.000, +0.000, +0.000, +0.000, +0.000] 0.00000 0.00000
chain_ones=1_hidden=1_hetero=1_scramble=1 ERM [+0.068, -0.156, -0.096, -0.247, -0.407, +0.291, +0.274, +0.418, +0.491, +0.601] 1.38777 0.18734
chain_ones=1_hidden=1_hetero=1_scramble=1 IRM [+0.421, -0.259, +0.723, +0.724, -0.174, +0.797, +1.048, +0.886, +0.232, +1.055] 0.69055 0.73712