chain_ones=1_hidden=0_hetero=0_scramble=0 SEM [+1.000, +1.000, +1.000, +1.000, +1.000, +0.000, +0.000, +0.000, +0.000, +0.000] 0.00000 0.00000
chain_ones=1_hidden=0_hetero=0_scramble=0 ERM [+0.035, +0.026, +0.038, +0.052, +0.025, +0.003, +0.008, +0.010, +0.008, +0.014] 0.93113 0.00009
chain_ones=1_hidden=0_hetero=0_scramble=0 IRM [+0.219, -0.114, +0.450, +0.089, +0.460, -0.006, +0.178, -0.241, +0.004, -0.086] 0.65499 0.01939
chain_ones=1_hidden=0_hetero=0_scramble=0 SEM [+1.000, +1.000, +1.000, +1.000, +1.000, +0.000, +0.000, +0.000, +0.000, +0.000] 0.00000 0.00000
chain_ones=1_hidden=0_hetero=0_scramble=0 ERM [+0.013, +0.043, +0.045, +0.023, +0.050, +0.011, +0.001, +0.002, +0.014, +0.002] 0.93184 0.00007
chain_ones=1_hidden=0_hetero=0_scramble=0 IRM [-0.091, -0.087, +0.007, -0.129, -0.447, -0.324, +0.269, +0.258, +0.146, -0.148] 1.34546 0.05746
chain_ones=1_hidden=0_hetero=0_scramble=0 SEM [+1.000, +1.000, +1.000, +1.000, +1.000, +0.000, +0.000, +0.000, +0.000, +0.000] 0.00000 0.00000
chain_ones=1_hidden=0_hetero=0_scramble=0 ERM [+0.051, +0.039, +0.035, +0.024, +0.079, -0.011, +0.006, -0.001, +0.022, -0.019] 0.91128 0.00020
chain_ones=1_hidden=0_hetero=0_scramble=0 IRM [-0.485, -0.001, -0.103, -0.695, +0.077, +0.254, +0.047, +0.533, +0.033, -0.539] 1.62949 0.12848
chain_ones=1_hidden=0_hetero=0_scramble=0 SEM [+1.000, +1.000, +1.000, +1.000, +1.000, +0.000, +0.000, +0.000, +0.000, +0.000] 0.00000 0.00000
chain_ones=1_hidden=0_hetero=0_scramble=0 ERM [+0.020, +0.044, +0.037, +0.032, +0.022, +0.012, -0.001, +0.004, +0.006, +0.017] 0.93935 0.00010
chain_ones=1_hidden=0_hetero=0_scramble=0 IRM [+0.586, +0.197, -0.259, +0.000, +0.914, -0.716, +0.157, +0.092, -0.333, -0.332] 0.68157 0.15337
chain_ones=1_hidden=0_hetero=0_scramble=0 SEM [+1.000, +1.000, +1.000, +1.000, +1.000, +0.000, +0.000, +0.000, +0.000, +0.000] 0.00000 0.00000
chain_ones=1_hidden=0_hetero=0_scramble=0 ERM [+0.033, +0.037, +0.035, +0.051, +0.043, +0.001, +0.005, +0.004, -0.003, +0.006] 0.92201 0.00002
chain_ones=1_hidden=0_hetero=0_scramble=0 IRM [+0.126, +0.076, -0.094, -0.054, +0.225, +0.003, +0.029, +0.115, +0.301, +0.066] 0.90499 0.02173
chain_ones=1_hidden=0_hetero=0_scramble=0 SEM [+1.000, +1.000, +1.000, +1.000, +1.000, +0.000, +0.000, +0.000, +0.000, +0.000] 0.00000 0.00000
chain_ones=1_hidden=0_hetero=0_scramble=0 ERM [+0.036, +0.038, +0.041, +0.025, +0.050, +0.003, +0.005, +0.005, +0.005, -0.002] 0.92511 0.00002
chain_ones=1_hidden=0_hetero=0_scramble=0 IRM [-0.009, +0.078, +0.112, +0.273, +0.091, +0.244, +0.041, +0.096, +0.069, +0.020] 0.80222 0.01508
chain_ones=1_hidden=0_hetero=0_scramble=0 SEM [+1.000, +1.000, +1.000, +1.000, +1.000, +0.000, +0.000, +0.000, +0.000, +0.000] 0.00000 0.00000
chain_ones=1_hidden=0_hetero=0_scramble=0 ERM [+0.041, +0.033, +0.032, +0.036, +0.029, -0.002, +0.008, +0.005, +0.003, +0.009] 0.93258 0.00004
chain_ones=1_hidden=0_hetero=0_scramble=0 IRM [-0.329, -0.078, +0.126, -0.241, +0.162, +0.211, +0.116, -0.043, +0.650, -0.238] 1.18729 0.10782
chain_ones=1_hidden=0_hetero=0_scramble=0 SEM [+1.000, +1.000, +1.000, +1.000, +1.000, +0.000, +0.000, +0.000, +0.000, +0.000] 0.00000 0.00000
chain_ones=1_hidden=0_hetero=0_scramble=0 ERM [+0.037, +0.053, +0.025, +0.025, +0.046, +0.011, +0.000, +0.013, +0.015, +0.003] 0.92706 0.00011
chain_ones=1_hidden=0_hetero=0_scramble=0 IRM [+0.624, +0.341, +0.217, +0.859, +0.091, -0.405, -0.073, -0.693, -0.296, +0.067] 0.40708 0.14834
chain_ones=1_hidden=0_hetero=0_scramble=0 SEM [+1.000, +1.000, +1.000, +1.000, +1.000, +0.000, +0.000, +0.000, +0.000, +0.000] 0.00000 0.00000
chain_ones=1_hidden=0_hetero=0_scramble=0 ERM [+0.043, +0.043, +0.042, +0.055, +0.038, +0.006, -0.003, +0.003, -0.003, +0.004] 0.91355 0.00001
chain_ones=1_hidden=0_hetero=0_scramble=0 IRM [+0.007, -0.063, +0.178, -0.089, -0.190, +0.195, +0.227, +0.006, +0.119, +0.343] 1.07885 0.04419
chain_ones=1_hidden=0_hetero=0_scramble=0 SEM [+1.000, +1.000, +1.000, +1.000, +1.000, +0.000, +0.000, +0.000, +0.000, +0.000] 0.00000 0.00000
chain_ones=1_hidden=0_hetero=0_scramble=0 ERM [+0.041, +0.046, +0.041, +0.048, +0.050, +0.009, +0.015, +0.008, +0.002, +0.007] 0.91197 0.00008
chain_ones=1_hidden=0_hetero=0_scramble=0 IRM [-0.133, -0.730, -0.637, +0.061, -0.266, +0.687, +0.673, -1.052, +0.205, -0.096] 1.88775 0.41636chain_ones=1_hidden=0_hetero=0_scramble=1 SEM [+1.000, +1.000, +1.000, +1.000, +1.000, +0.000, +0.000, +0.000, +0.000, +0.000] 0.00000 0.00000
chain_ones=1_hidden=0_hetero=0_scramble=1 ERM [+0.043, +0.034, +0.049, +0.045, +0.008, -0.008, +0.006, -0.008, +0.002, +0.016] 0.92965 0.00009
chain_ones=1_hidden=0_hetero=0_scramble=1 IRM [-0.381, -0.340, -0.186, +0.420, -0.615, -0.132, -0.105, +0.952, +0.026, -0.138] 1.61124 0.19083
chain_ones=1_hidden=0_hetero=0_scramble=1 SEM [+1.000, +1.000, +1.000, +1.000, +1.000, +0.000, +0.000, +0.000, +0.000, +0.000] 0.00000 0.00000
chain_ones=1_hidden=0_hetero=0_scramble=1 ERM [+0.033, +0.027, +0.052, +0.041, +0.043, -0.003, +0.009, +0.000, -0.001, +0.008] 0.92355 0.00003
chain_ones=1_hidden=0_hetero=0_scramble=1 IRM [+0.231, +0.312, -0.732, +0.181, -0.461, -0.260, -0.238, +0.655, -0.045, +0.263] 1.37334 0.12487
chain_ones=1_hidden=0_hetero=0_scramble=1 SEM [+1.000, +1.000, +1.000, +1.000, +1.000, +0.000, +0.000, +0.000, +0.000, +0.000] 0.00000 0.00000
chain_ones=1_hidden=0_hetero=0_scramble=1 ERM [+0.035, +0.037, +0.042, +0.039, +0.015, +0.018, -0.003, +0.005, +0.004, +0.015] 0.93371 0.00012
chain_ones=1_hidden=0_hetero=0_scramble=1 IRM [+0.162, +0.215, +0.259, +0.172, +0.241, +0.097, +0.023, -0.015, +0.063, +0.044] 0.62620 0.00321
chain_ones=1_hidden=0_hetero=0_scramble=1 SEM [+1.000, +1.000, +1.000, +1.000, +1.000, +0.000, +0.000, +0.000, +0.000, +0.000] 0.00000 0.00000
chain_ones=1_hidden=0_hetero=0_scramble=1 ERM [+0.032, +0.026, +0.054, +0.040, +0.042, +0.015, +0.014, -0.010, +0.004, -0.007] 0.92392 0.00012
chain_ones=1_hidden=0_hetero=0_scramble=1 IRM [+0.344, +0.283, +0.252, -0.447, -0.190, -0.081, -0.121, -0.160, +0.263, +0.205] 1.00258 0.03158
chain_ones=1_hidden=0_hetero=0_scramble=1 SEM [+1.000, +1.000, +1.000, +1.000, +1.000, +0.000, +0.000, +0.000, +0.000, +0.000] 0.00000 0.00000
chain_ones=1_hidden=0_hetero=0_scramble=1 ERM [+0.051, +0.045, +0.026, +0.047, +0.039, -0.017, +0.002, -0.001, +0.001, -0.011] 0.91811 0.00008
chain_ones=1_hidden=0_hetero=0_scramble=1 IRM [-0.131, -0.392, -0.126, +0.144, +0.216, +0.210, +0.472, +0.118, +0.018, -0.100] 1.16665 0.05819
chain_ones=1_hidden=0_hetero=0_scramble=1 SEM [+1.000, +1.000, +1.000, +1.000, +1.000, +0.000, +0.000, +0.000, +0.000, +0.000] 0.00000 0.00000
chain_ones=1_hidden=0_hetero=0_scramble=1 ERM [+0.069, +0.046, +0.024, +0.070, +0.047, -0.016, -0.018, +0.006, -0.005, +0.000] 0.90031 0.00013
chain_ones=1_hidden=0_hetero=0_scramble=1 IRM [+0.338, +0.090, -0.346, +0.205, -0.248, +0.165, -0.211, -0.032, -0.278, -0.418] 1.05376 0.06492
chain_ones=1_hidden=0_hetero=0_scramble=1 SEM [+1.000, +1.000, +1.000, +1.000, +1.000, +0.000, +0.000, +0.000, +0.000, +0.000] 0.00000 0.00000
chain_ones=1_hidden=0_hetero=0_scramble=1 ERM [+0.032, +0.038, +0.038, +0.050, +0.039, -0.006, +0.004, +0.003, +0.001, +0.008] 0.92264 0.00003
chain_ones=1_hidden=0_hetero=0_scramble=1 IRM [+0.250, +0.029, +0.240, +0.130, +0.165, +0.051, +0.222, +0.033, +0.042, +0.038] 0.70736 0.01122
chain_ones=1_hidden=0_hetero=0_scramble=1 SEM [+1.000, +1.000, +1.000, +1.000, +1.000, +0.000, +0.000, +0.000, +0.000, +0.000] 0.00000 0.00000
chain_ones=1_hidden=0_hetero=0_scramble=1 ERM [+0.038, +0.031, +0.042, +0.024, +0.042, +0.001, -0.002, -0.012, +0.007, +0.008] 0.93064 0.00005
chain_ones=1_hidden=0_hetero=0_scramble=1 IRM [-0.175, +1.042, -0.658, +0.057, -0.329, +0.309, +0.190, +0.066, -0.289, +0.697] 1.35776 0.14112
chain_ones=1_hidden=0_hetero=0_scramble=1 SEM [+1.000, +1.000, +1.000, +1.000, +1.000, +0.000, +0.000, +0.000, +0.000, +0.000] 0.00000 0.00000
chain_ones=1_hidden=0_hetero=0_scramble=1 ERM [+0.021, +0.021, +0.044, +0.028, +0.024, +0.011, +0.010, -0.003, +0.001, +0.005] 0.94554 0.00005
chain_ones=1_hidden=0_hetero=0_scramble=1 IRM [+0.535, -0.325, +0.355, +0.135, +0.217, -0.301, +0.227, -0.169, +0.473, -0.143] 0.75009 0.08311
chain_ones=1_hidden=0_hetero=0_scramble=1 SEM [+1.000, +1.000, +1.000, +1.000, +1.000, +0.000, +0.000, +0.000, +0.000, +0.000] 0.00000 0.00000
chain_ones=1_hidden=0_hetero=0_scramble=1 ERM [+0.040, +0.037, +0.015, +0.026, +0.030, -0.003, +0.005, +0.012, +0.003, +0.018] 0.94152 0.00010
chain_ones=1_hidden=0_hetero=0_scramble=1 IRM [+0.073, -0.174, -0.002, +0.091, +0.054, +0.065, +0.340, +0.035, +0.079, +0.044] 0.99244 0.02592chain_ones=1_hidden=0_hetero=1_scramble=0 SEM [+1.000, +1.000, +1.000, +1.000, +1.000, +0.000, +0.000, +0.000, +0.000, +0.000] 0.00000 0.00000
chain_ones=1_hidden=0_hetero=1_scramble=0 ERM [+0.009, -0.001, -0.003, -0.002, +0.009, +0.027, +0.035, +0.035, +0.034, +0.028] 0.99506 0.00103
chain_ones=1_hidden=0_hetero=1_scramble=0 IRM [+0.193, +0.388, -0.103, +0.056, +0.125, +0.082, -0.032, +0.159, +0.125, +0.140] 0.77998 0.01362
chain_ones=1_hidden=0_hetero=1_scramble=0 SEM [+1.000, +1.000, +1.000, +1.000, +1.000, +0.000, +0.000, +0.000, +0.000, +0.000] 0.00000 0.00000
chain_ones=1_hidden=0_hetero=1_scramble=0 ERM [+0.005, +0.023, +0.005, -0.013, -0.019, +0.029, +0.039, +0.028, +0.041, +0.045] 1.00012 0.00137
chain_ones=1_hidden=0_hetero=1_scramble=0 IRM [-0.855, -0.355, -0.365, -0.221, +0.093, -0.184, +1.248, +0.114, -0.326, +0.218] 1.89021 0.35146
chain_ones=1_hidden=0_hetero=1_scramble=0 SEM [+1.000, +1.000, +1.000, +1.000, +1.000, +0.000, +0.000, +0.000, +0.000, +0.000] 0.00000 0.00000
chain_ones=1_hidden=0_hetero=1_scramble=0 ERM [+0.027, +0.010, +0.019, +0.013, -0.002, +0.031, +0.031, +0.039, +0.026, +0.041] 0.97378 0.00117
chain_ones=1_hidden=0_hetero=1_scramble=0 IRM [+0.463, -0.249, -0.615, +0.278, +0.074, +0.065, +0.014, -0.283, -0.028, +0.494] 1.16715 0.06590
chain_ones=1_hidden=0_hetero=1_scramble=0 SEM [+1.000, +1.000, +1.000, +1.000, +1.000, +0.000, +0.000, +0.000, +0.000, +0.000] 0.00000 0.00000
chain_ones=1_hidden=0_hetero=1_scramble=0 ERM [+0.008, -0.001, +0.007, +0.003, +0.018, +0.028, +0.035, +0.029, +0.035, +0.022] 0.98612 0.00092
chain_ones=1_hidden=0_hetero=1_scramble=0 IRM [+0.154, +0.393, -0.331, +0.286, +0.384, +0.030, -0.292, +0.410, -0.094, +0.006] 0.74905 0.05260
chain_ones=1_hidden=0_hetero=1_scramble=0 SEM [+1.000, +1.000, +1.000, +1.000, +1.000, +0.000, +0.000, +0.000, +0.000, +0.000] 0.00000 0.00000
chain_ones=1_hidden=0_hetero=1_scramble=0 ERM [+0.020, -0.004, -0.000, +0.005, +0.016, +0.026, +0.034, +0.028, +0.030, +0.026] 0.98551 0.00084
chain_ones=1_hidden=0_hetero=1_scramble=0 IRM [-0.241, +0.239, -0.289, -0.155, -0.275, -0.064, +0.218, +0.161, +0.374, +0.422] 1.34822 0.07904
chain_ones=1_hidden=0_hetero=1_scramble=0 SEM [+1.000, +1.000, +1.000, +1.000, +1.000, +0.000, +0.000, +0.000, +0.000, +0.000] 0.00000 0.00000
chain_ones=1_hidden=0_hetero=1_scramble=0 ERM [+0.001, +0.010, +0.008, -0.001, +0.016, +0.036, +0.031, +0.028, +0.034, +0.028] 0.98671 0.00099
chain_ones=1_hidden=0_hetero=1_scramble=0 IRM [+0.339, +1.077, +0.059, -0.416, +0.797, -0.050, -0.478, +0.105, -0.577, -0.665] 0.67535 0.20346
chain_ones=1_hidden=0_hetero=1_scramble=0 SEM [+1.000, +1.000, +1.000, +1.000, +1.000, +0.000, +0.000, +0.000, +0.000, +0.000] 0.00000 0.00000
chain_ones=1_hidden=0_hetero=1_scramble=0 ERM [+0.003, +0.001, +0.002, +0.007, +0.005, +0.024, +0.032, +0.043, +0.033, +0.026] 0.99246 0.00106
chain_ones=1_hidden=0_hetero=1_scramble=0 IRM [+0.158, +0.451, -0.165, -0.006, -0.138, -0.192, -0.245, +0.600, +0.334, -0.062] 0.93473 0.11427
chain_ones=1_hidden=0_hetero=1_scramble=0 SEM [+1.000, +1.000, +1.000, +1.000, +1.000, +0.000, +0.000, +0.000, +0.000, +0.000] 0.00000 0.00000
chain_ones=1_hidden=0_hetero=1_scramble=0 ERM [-0.008, -0.010, +0.003, -0.016, +0.011, +0.035, +0.032, +0.034, +0.048, +0.028] 1.00798 0.00128
chain_ones=1_hidden=0_hetero=1_scramble=0 IRM [-0.550, +0.242, -0.415, +0.055, -0.503, +0.455, -0.635, +0.659, -0.228, +0.683] 1.62624 0.31275
chain_ones=1_hidden=0_hetero=1_scramble=0 SEM [+1.000, +1.000, +1.000, +1.000, +1.000, +0.000, +0.000, +0.000, +0.000, +0.000] 0.00000 0.00000
chain_ones=1_hidden=0_hetero=1_scramble=0 ERM [-0.006, -0.014, +0.007, -0.018, +0.012, +0.037, +0.036, +0.029, +0.043, +0.029] 1.00792 0.00124
chain_ones=1_hidden=0_hetero=1_scramble=0 IRM [+0.117, +0.203, +0.175, +0.085, +0.316, -0.011, -0.062, -0.016, +0.034, -0.089] 0.67974 0.00265
chain_ones=1_hidden=0_hetero=1_scramble=0 SEM [+1.000, +1.000, +1.000, +1.000, +1.000, +0.000, +0.000, +0.000, +0.000, +0.000] 0.00000 0.00000
chain_ones=1_hidden=0_hetero=1_scramble=0 ERM [+0.010, -0.004, -0.000, -0.002, -0.004, +0.033, +0.036, +0.033, +0.030, +0.036] 0.99978 0.00115
chain_ones=1_hidden=0_hetero=1_scramble=0 IRM [-0.055, -0.051, +0.175, +0.045, +0.442, +0.247, -0.215, +0.067, -0.287, -0.427] 0.82460 0.07536chain_ones=1_hidden=0_hetero=1_scramble=1 SEM [+1.000, +1.000, +1.000, +1.000, +1.000, +0.000, +0.000, +0.000, +0.000, +0.000] 0.00000 0.00000
chain_ones=1_hidden=0_hetero=1_scramble=1 ERM [+0.021, -0.027, -0.006, -0.014, +0.007, +0.014, +0.067, +0.038, +0.030, +0.024] 1.00789 0.00152
chain_ones=1_hidden=0_hetero=1_scramble=1 IRM [+1.116, +0.104, -0.101, -0.604, -0.148, +0.047, +0.040, -0.136, +0.302, +0.035] 1.18400 0.02293
chain_ones=1_hidden=0_hetero=1_scramble=1 SEM [+1.000, +1.000, +1.000, +1.000, +1.000, +0.000, +0.000, +0.000, +0.000, +0.000] 0.00000 0.00000
chain_ones=1_hidden=0_hetero=1_scramble=1 ERM [+0.007, -0.006, -0.007, +0.002, +0.009, +0.038, +0.034, +0.045, +0.034, +0.026] 0.99786 0.00128
chain_ones=1_hidden=0_hetero=1_scramble=1 IRM [-0.234, -0.287, -0.506, +0.203, -0.384, +0.048, -0.264, +0.117, +0.121, +0.568] 1.59912 0.08453
chain_ones=1_hidden=0_hetero=1_scramble=1 SEM [+1.000, +1.000, +1.000, +1.000, +1.000, +0.000, +0.000, +0.000, +0.000, +0.000] 0.00000 0.00000
chain_ones=1_hidden=0_hetero=1_scramble=1 ERM [+0.022, -0.008, +0.011, -0.007, +0.004, +0.035, +0.045, +0.031, +0.049, +0.026] 0.99114 0.00147
chain_ones=1_hidden=0_hetero=1_scramble=1 IRM [+0.196, -0.282, +0.039, +0.067, +0.518, -0.047, -0.756, +0.022, +0.068, +0.175] 0.86348 0.12192
chain_ones=1_hidden=0_hetero=1_scramble=1 SEM [+1.000, +1.000, +1.000, +1.000, +1.000, +0.000, +0.000, +0.000, +0.000, +0.000] 0.00000 0.00000
chain_ones=1_hidden=0_hetero=1_scramble=1 ERM [-0.003, +0.022, +0.017, +0.000, -0.012, +0.032, +0.016, +0.035, +0.037, +0.044] 0.99089 0.00117
chain_ones=1_hidden=0_hetero=1_scramble=1 IRM [+0.579, +0.086, +0.183, +0.449, +0.393, -0.219, +0.120, +0.067, -0.157, -0.056] 0.47041 0.01897
chain_ones=1_hidden=0_hetero=1_scramble=1 SEM [+1.000, +1.000, +1.000, +1.000, +1.000, +0.000, +0.000, +0.000, +0.000, +0.000] 0.00000 0.00000
chain_ones=1_hidden=0_hetero=1_scramble=1 ERM [-0.002, -0.031, -0.006, +0.024, -0.004, +0.042, +0.061, +0.033, +0.018, +0.040] 1.00767 0.00170
chain_ones=1_hidden=0_hetero=1_scramble=1 IRM [-0.050, +0.261, -0.395, -0.132, +0.043, +0.449, +0.024, +0.464, +0.265, +0.042] 1.15890 0.09776
chain_ones=1_hidden=0_hetero=1_scramble=1 SEM [+1.000, +1.000, +1.000, +1.000, +1.000, +0.000, +0.000, +0.000, +0.000, +0.000] 0.00000 0.00000
chain_ones=1_hidden=0_hetero=1_scramble=1 ERM [+0.005, +0.014, -0.009, -0.019, -0.010, +0.037, +0.031, +0.041, +0.049, +0.033] 1.00798 0.00152
chain_ones=1_hidden=0_hetero=1_scramble=1 IRM [-0.497, -0.061, +0.759, +0.365, +0.011, +0.195, -0.321, -0.715, -0.495, +0.397] 0.96129 0.21093
chain_ones=1_hidden=0_hetero=1_scramble=1 SEM [+1.000, +1.000, +1.000, +1.000, +1.000, +0.000, +0.000, +0.000, +0.000, +0.000] 0.00000 0.00000
chain_ones=1_hidden=0_hetero=1_scramble=1 ERM [-0.007, -0.004, +0.011, +0.004, -0.010, +0.054, +0.041, +0.028, +0.036, +0.039] 1.00265 0.00165
chain_ones=1_hidden=0_hetero=1_scramble=1 IRM [-0.317, -0.114, -0.006, -0.155, -0.469, +0.376, -0.118, +0.019, +0.064, +0.359] 1.49576 0.05774
chain_ones=1_hidden=0_hetero=1_scramble=1 SEM [+1.000, +1.000, +1.000, +1.000, +1.000, +0.000, +0.000, +0.000, +0.000, +0.000] 0.00000 0.00000
chain_ones=1_hidden=0_hetero=1_scramble=1 ERM [-0.014, +0.017, -0.038, -0.016, +0.009, +0.052, +0.020, +0.061, +0.052, +0.037] 1.01754 0.00217
chain_ones=1_hidden=0_hetero=1_scramble=1 IRM [+0.361, -0.248, +0.481, -0.603, +0.225, -0.123, -0.353, -0.544, +0.101, -0.236] 1.08089 0.10034
chain_ones=1_hidden=0_hetero=1_scramble=1 SEM [+1.000, +1.000, +1.000, +1.000, +1.000, +0.000, +0.000, +0.000, +0.000, +0.000] 0.00000 0.00000
chain_ones=1_hidden=0_hetero=1_scramble=1 ERM [-0.021, -0.001, -0.007, +0.011, +0.006, +0.053, +0.037, +0.043, +0.034, +0.042] 1.00476 0.00177
chain_ones=1_hidden=0_hetero=1_scramble=1 IRM [-0.481, +0.291, +0.495, +0.101, -0.694, -0.060, +0.021, -0.008, -0.284, +0.479] 1.32547 0.06296
chain_ones=1_hidden=0_hetero=1_scramble=1 SEM [+1.000, +1.000, +1.000, +1.000, +1.000, +0.000, +0.000, +0.000, +0.000, +0.000] 0.00000 0.00000
chain_ones=1_hidden=0_hetero=1_scramble=1 ERM [+0.007, -0.012, +0.010, +0.019, +0.012, +0.039, +0.040, +0.039, +0.030, +0.035] 0.98562 0.00135
chain_ones=1_hidden=0_hetero=1_scramble=1 IRM [-0.153, +0.050, +0.277, +0.369, -0.070, +0.403, +0.118, -0.316, -0.095, +0.157] 0.85918 0.06184chain_ones=1_hidden=1_hetero=0_scramble=0 SEM [+1.000, +1.000, +1.000, +1.000, +1.000, +0.000, +0.000, +0.000, +0.000, +0.000] 0.00000 0.00000
chain_ones=1_hidden=1_hetero=0_scramble=0 ERM [+0.035, +0.035, +0.045, +0.030, +0.052, +0.016, +0.016, -0.003, +0.009, -0.011] 0.92261 0.00014
chain_ones=1_hidden=1_hetero=0_scramble=0 IRM [-0.424, -0.114, +0.124, +0.021, -0.111, +0.382, +0.283, +0.206, -0.073, -0.173] 1.24544 0.06080
chain_ones=1_hidden=1_hetero=0_scramble=0 SEM [+1.000, +1.000, +1.000, +1.000, +1.000, +0.000, +0.000, +0.000, +0.000, +0.000] 0.00000 0.00000
chain_ones=1_hidden=1_hetero=0_scramble=0 ERM [+0.024, +0.046, +0.049, +0.033, +0.037, +0.007, +0.023, +0.011, +0.010, +0.007] 0.92615 0.00017
chain_ones=1_hidden=1_hetero=0_scramble=0 IRM [-0.108, +0.105, +0.028, +0.222, -0.393, -0.140, +0.035, -0.171, +0.077, +0.261] 1.10409 0.02479
chain_ones=1_hidden=1_hetero=0_scramble=0 SEM [+1.000, +1.000, +1.000, +1.000, +1.000, +0.000, +0.000, +0.000, +0.000, +0.000] 0.00000 0.00000
chain_ones=1_hidden=1_hetero=0_scramble=0 ERM [+0.055, +0.037, +0.048, +0.053, +0.068, +0.004, +0.008, +0.010, +0.011, +0.006] 0.89840 0.00007
chain_ones=1_hidden=1_hetero=0_scramble=0 IRM [+0.130, +0.087, +0.226, +0.370, +0.296, -0.036, +0.136, -0.049, -0.043, -0.044] 0.61635 0.00520
chain_ones=1_hidden=1_hetero=0_scramble=0 SEM [+1.000, +1.000, +1.000, +1.000, +1.000, +0.000, +0.000, +0.000, +0.000, +0.000] 0.00000 0.00000
chain_ones=1_hidden=1_hetero=0_scramble=0 ERM [+0.029, +0.046, +0.080, +0.053, +0.067, +0.010, +0.009, +0.002, -0.006, -0.008] 0.89328 0.00005
chain_ones=1_hidden=1_hetero=0_scramble=0 IRM [+0.043, -0.448, +0.399, -0.124, +0.093, +0.078, +0.188, -0.211, -0.286, +0.048] 1.09186 0.03396
chain_ones=1_hidden=1_hetero=0_scramble=0 SEM [+1.000, +1.000, +1.000, +1.000, +1.000, +0.000, +0.000, +0.000, +0.000, +0.000] 0.00000 0.00000
chain_ones=1_hidden=1_hetero=0_scramble=0 ERM [+0.043, +0.061, +0.058, +0.050, +0.061, +0.009, +0.002, +0.001, +0.006, +0.005] 0.89369 0.00003
chain_ones=1_hidden=1_hetero=0_scramble=0 IRM [-0.118, +0.388, -0.255, -0.328, -0.301, +0.342, -0.045, +0.092, +0.188, +0.079] 1.33133 0.03380
chain_ones=1_hidden=1_hetero=0_scramble=0 SEM [+1.000, +1.000, +1.000, +1.000, +1.000, +0.000, +0.000, +0.000, +0.000, +0.000] 0.00000 0.00000
chain_ones=1_hidden=1_hetero=0_scramble=0 ERM [+0.037, +0.050, +0.054, +0.050, +0.070, +0.006, +0.011, +0.002, +0.007, +0.005] 0.89829 0.00005
chain_ones=1_hidden=1_hetero=0_scramble=0 IRM [+0.478, +0.756, -0.428, +0.355, +0.605, -0.097, -0.600, +0.579, -0.203, -0.004] 0.58872 0.14925
chain_ones=1_hidden=1_hetero=0_scramble=0 SEM [+1.000, +1.000, +1.000, +1.000, +1.000, +0.000, +0.000, +0.000, +0.000, +0.000] 0.00000 0.00000
chain_ones=1_hidden=1_hetero=0_scramble=0 ERM [+0.041, +0.029, +0.037, +0.024, +0.031, +0.001, +0.007, -0.002, -0.000, +0.006] 0.93606 0.00002
chain_ones=1_hidden=1_hetero=0_scramble=0 IRM [-0.027, +0.194, +0.180, +0.055, +0.143, +0.119, -0.079, +0.026, +0.067, +0.120] 0.80056 0.00803
chain_ones=1_hidden=1_hetero=0_scramble=0 SEM [+1.000, +1.000, +1.000, +1.000, +1.000, +0.000, +0.000, +0.000, +0.000, +0.000] 0.00000 0.00000
chain_ones=1_hidden=1_hetero=0_scramble=0 ERM [+0.063, +0.084, +0.054, +0.050, +0.002, +0.004, -0.010, +0.010, +0.003, +0.038] 0.90218 0.00033
chain_ones=1_hidden=1_hetero=0_scramble=0 IRM [-0.335, +1.107, -0.895, -0.087, -0.728, -1.484, -0.047, +0.084, -0.067, -0.150] 1.91046 0.44779
chain_ones=1_hidden=1_hetero=0_scramble=0 SEM [+1.000, +1.000, +1.000, +1.000, +1.000, +0.000, +0.000, +0.000, +0.000, +0.000] 0.00000 0.00000
chain_ones=1_hidden=1_hetero=0_scramble=0 ERM [+0.079, +0.034, +0.048, +0.073, +0.031, -0.002, +0.014, +0.000, +0.015, +0.012] 0.89710 0.00011
chain_ones=1_hidden=1_hetero=0_scramble=0 IRM [+0.313, +0.295, +0.116, +0.164, +0.031, -0.003, -0.057, +0.164, -0.072, +0.163] 0.67736 0.01233
chain_ones=1_hidden=1_hetero=0_scramble=0 SEM [+1.000, +1.000, +1.000, +1.000, +1.000, +0.000, +0.000, +0.000, +0.000, +0.000] 0.00000 0.00000
chain_ones=1_hidden=1_hetero=0_scramble=0 ERM [+0.035, +0.043, +0.050, +0.029, +0.040, +0.011, +0.008, +0.009, +0.011, -0.001] 0.92275 0.00008
chain_ones=1_hidden=1_hetero=0_scramble=0 IRM [-0.301, +0.099, +0.098, +0.476, -0.224, +0.292, +0.017, +0.055, -0.152, +0.401] 1.01781 0.05448chain_ones=1_hidden=1_hetero=0_scramble=1 SEM [+1.000, +1.000, +1.000, +1.000, +1.000, +0.000, +0.000, +0.000, +0.000, +0.000] 0.00000 0.00000
chain_ones=1_hidden=1_hetero=0_scramble=1 ERM [+0.026, +0.065, +0.047, +0.076, +0.082, +0.011, -0.010, -0.017, -0.010, -0.035] 0.88536 0.00037
chain_ones=1_hidden=1_hetero=0_scramble=1 IRM [+0.272, -0.273, +0.485, -0.136, +0.144, +0.352, +0.036, -0.437, -0.114, +0.014] 0.88798 0.06594
chain_ones=1_hidden=1_hetero=0_scramble=1 SEM [+1.000, +1.000, +1.000, +1.000, +1.000, +0.000, +0.000, +0.000, +0.000, +0.000] 0.00000 0.00000
chain_ones=1_hidden=1_hetero=0_scramble=1 ERM [+0.049, +0.026, +0.032, +0.047, +0.055, -0.003, +0.007, +0.014, +0.006, -0.011] 0.91851 0.00008
chain_ones=1_hidden=1_hetero=0_scramble=1 IRM [+0.012, +0.150, -1.167, +0.022, +0.423, -0.386, -0.110, +0.400, -0.518, -0.211] 1.53693 0.12680
chain_ones=1_hidden=1_hetero=0_scramble=1 SEM [+1.000, +1.000, +1.000, +1.000, +1.000, +0.000, +0.000, +0.000, +0.000, +0.000] 0.00000 0.00000
chain_ones=1_hidden=1_hetero=0_scramble=1 ERM [+0.051, +0.048, +0.030, +0.043, +0.059, -0.002, +0.002, +0.013, +0.011, -0.012] 0.91010 0.00009
chain_ones=1_hidden=1_hetero=0_scramble=1 IRM [+0.264, +0.022, -0.048, +0.438, +0.235, -0.029, -0.098, +0.143, -0.179, +0.006] 0.69954 0.01259
chain_ones=1_hidden=1_hetero=0_scramble=1 SEM [+1.000, +1.000, +1.000, +1.000, +1.000, +0.000, +0.000, +0.000, +0.000, +0.000] 0.00000 0.00000
chain_ones=1_hidden=1_hetero=0_scramble=1 ERM [+0.073, +0.041, +0.038, +0.039, +0.050, -0.006, +0.006, -0.006, +0.012, +0.002] 0.90598 0.00005
chain_ones=1_hidden=1_hetero=0_scramble=1 IRM [-0.029, +0.388, +0.148, +0.376, +0.044, +0.229, -0.131, -0.009, +0.033, +0.122] 0.69253 0.01714
chain_ones=1_hidden=1_hetero=0_scramble=1 SEM [+1.000, +1.000, +1.000, +1.000, +1.000, +0.000, +0.000, +0.000, +0.000, +0.000] 0.00000 0.00000
chain_ones=1_hidden=1_hetero=0_scramble=1 ERM [+0.042, +0.047, +0.034, +0.052, +0.023, -0.002, +0.018, +0.002, +0.001, -0.009] 0.92261 0.00009
chain_ones=1_hidden=1_hetero=0_scramble=1 IRM [-0.463, -0.210, +0.167, +0.188, -0.239, +0.398, +0.129, -0.021, -0.233, +0.232] 1.29844 0.05671
chain_ones=1_hidden=1_hetero=0_scramble=1 SEM [+1.000, +1.000, +1.000, +1.000, +1.000, +0.000, +0.000, +0.000, +0.000, +0.000] 0.00000 0.00000
chain_ones=1_hidden=1_hetero=0_scramble=1 ERM [+0.052, +0.017, +0.029, +0.023, +0.023, +0.014, +0.011, +0.007, +0.010, +0.014] 0.94353 0.00013
chain_ones=1_hidden=1_hetero=0_scramble=1 IRM [-0.138, +0.652, -0.001, +0.266, +0.187, +0.070, -0.247, +0.202, +0.013, +0.043] 0.72332 0.02169
chain_ones=1_hidden=1_hetero=0_scramble=1 SEM [+1.000, +1.000, +1.000, +1.000, +1.000, +0.000, +0.000, +0.000, +0.000, +0.000] 0.00000 0.00000
chain_ones=1_hidden=1_hetero=0_scramble=1 ERM [+0.025, +0.062, +0.081, +0.048, +0.048, +0.011, +0.001, -0.008, -0.004, -0.005] 0.89760 0.00005
chain_ones=1_hidden=1_hetero=0_scramble=1 IRM [+0.036, -0.017, +0.233, +0.079, +0.018, +0.136, +0.078, +0.043, +0.091, +0.095] 0.87279 0.00876
chain_ones=1_hidden=1_hetero=0_scramble=1 SEM [+1.000, +1.000, +1.000, +1.000, +1.000, +0.000, +0.000, +0.000, +0.000, +0.000] 0.00000 0.00000
chain_ones=1_hidden=1_hetero=0_scramble=1 ERM [+0.054, +0.019, +0.067, +0.017, +0.053, +0.004, +0.014, -0.004, +0.026, -0.006] 0.91810 0.00019
chain_ones=1_hidden=1_hetero=0_scramble=1 IRM [-0.089, +0.138, +0.173, +0.053, +0.478, +0.239, -0.097, -0.060, +0.182, -0.158] 0.75658 0.02565
chain_ones=1_hidden=1_hetero=0_scramble=1 SEM [+1.000, +1.000, +1.000, +1.000, +1.000, +0.000, +0.000, +0.000, +0.000, +0.000] 0.00000 0.00000
chain_ones=1_hidden=1_hetero=0_scramble=1 ERM [+0.052, +0.036, +0.037, +0.034, +0.052, +0.003, +0.006, +0.004, +0.003, -0.006] 0.91793 0.00002
chain_ones=1_hidden=1_hetero=0_scramble=1 IRM [+0.094, +0.072, -0.354, +0.790, -0.096, +0.024, -0.123, +0.167, -0.209, +0.201] 0.95193 0.02558
chain_ones=1_hidden=1_hetero=0_scramble=1 SEM [+1.000, +1.000, +1.000, +1.000, +1.000, +0.000, +0.000, +0.000, +0.000, +0.000] 0.00000 0.00000
chain_ones=1_hidden=1_hetero=0_scramble=1 ERM [+0.043, +0.034, +0.049, +0.060, +0.049, +0.011, +0.004, +0.009, -0.009, -0.005] 0.90826 0.00006
chain_ones=1_hidden=1_hetero=0_scramble=1 IRM [+0.070, -0.084, +0.004, +0.278, +0.048, -0.007, +0.169, +0.026, +0.099, +0.071] 0.89195 0.00884chain_ones=1_hidden=1_hetero=1_scramble=0 SEM [+1.000, +1.000, +1.000, +1.000, +1.000, +0.000, +0.000, +0.000, +0.000, +0.000] 0.00000 0.00000
chain_ones=1_hidden=1_hetero=1_scramble=0 ERM [+0.027, +0.007, -0.004, +0.039, +0.010, +0.036, +0.040, +0.046, +0.026, +0.033] 0.96930 0.00136
chain_ones=1_hidden=1_hetero=1_scramble=0 IRM [+0.062, -0.001, +0.218, +0.320, +0.238, +0.130, +0.175, +0.082, +0.074, -0.068] 0.70775 0.01285
chain_ones=1_hidden=1_hetero=1_scramble=0 SEM [+1.000, +1.000, +1.000, +1.000, +1.000, +0.000, +0.000, +0.000, +0.000, +0.000] 0.00000 0.00000
chain_ones=1_hidden=1_hetero=1_scramble=0 ERM [+0.009, -0.009, -0.018, +0.018, +0.004, +0.033, +0.042, +0.039, +0.038, +0.034] 0.99876 0.00140
chain_ones=1_hidden=1_hetero=1_scramble=0 IRM [+0.154, +0.056, -0.061, -0.487, -0.379, +0.043, -0.151, -0.148, +0.530, +0.369] 1.36855 0.09275
chain_ones=1_hidden=1_hetero=1_scramble=0 SEM [+1.000, +1.000, +1.000, +1.000, +1.000, +0.000, +0.000, +0.000, +0.000, +0.000] 0.00000 0.00000
chain_ones=1_hidden=1_hetero=1_scramble=0 ERM [+0.024, +0.004, +0.029, +0.027, -0.004, +0.035, +0.034, +0.023, +0.020, +0.047] 0.96826 0.00111
chain_ones=1_hidden=1_hetero=1_scramble=0 IRM [-0.047, -0.278, +0.142, +0.106, -0.243, +0.478, -0.297, -0.236, -0.356, +0.004] 1.16197 0.09986
chain_ones=1_hidden=1_hetero=1_scramble=0 SEM [+1.000, +1.000, +1.000, +1.000, +1.000, +0.000, +0.000, +0.000, +0.000, +0.000] 0.00000 0.00000
chain_ones=1_hidden=1_hetero=1_scramble=0 ERM [-0.011, -0.002, -0.005, +0.013, -0.009, +0.043, +0.044, +0.046, +0.036, +0.034] 1.00574 0.00168
chain_ones=1_hidden=1_hetero=1_scramble=0 IRM [-0.212, +0.140, -0.024, +0.247, +0.491, -0.191, +0.274, -0.105, -0.508, -0.025] 0.81653 0.07630
chain_ones=1_hidden=1_hetero=1_scramble=0 SEM [+1.000, +1.000, +1.000, +1.000, +1.000, +0.000, +0.000, +0.000, +0.000, +0.000] 0.00000 0.00000
chain_ones=1_hidden=1_hetero=1_scramble=0 ERM [+0.002, +0.036, -0.019, +0.001, +0.008, +0.038, +0.023, +0.060, +0.045, +0.031] 0.98911 0.00172
chain_ones=1_hidden=1_hetero=1_scramble=0 IRM [-0.359, -0.414, -0.269, -0.106, -0.182, +0.224, +0.159, +0.181, +0.146, +0.130] 1.61555 0.02933
chain_ones=1_hidden=1_hetero=1_scramble=0 SEM [+1.000, +1.000, +1.000, +1.000, +1.000, +0.000, +0.000, +0.000, +0.000, +0.000] 0.00000 0.00000
chain_ones=1_hidden=1_hetero=1_scramble=0 ERM [+0.005, +0.004, -0.005, +0.017, +0.011, +0.036, +0.038, +0.037, +0.032, +0.035] 0.98689 0.00127
chain_ones=1_hidden=1_hetero=1_scramble=0 IRM [+0.542, +0.756, +0.061, +0.075, -0.487, -0.226, -0.360, +0.535, +0.080, +0.267] 0.84363 0.10880
chain_ones=1_hidden=1_hetero=1_scramble=0 SEM [+1.000, +1.000, +1.000, +1.000, +1.000, +0.000, +0.000, +0.000, +0.000, +0.000] 0.00000 0.00000
chain_ones=1_hidden=1_hetero=1_scramble=0 ERM [+0.023, +0.017, +0.015, +0.025, +0.005, +0.046, +0.028, +0.031, +0.030, +0.036] 0.96629 0.00120
chain_ones=1_hidden=1_hetero=1_scramble=0 IRM [-0.052, +0.287, -0.262, +0.444, -0.024, -0.221, +0.012, -0.022, -0.284, +0.139] 0.91312 0.02988
chain_ones=1_hidden=1_hetero=1_scramble=0 SEM [+1.000, +1.000, +1.000, +1.000, +1.000, +0.000, +0.000, +0.000, +0.000, +0.000] 0.00000 0.00000
chain_ones=1_hidden=1_hetero=1_scramble=0 ERM [-0.011, -0.002, +0.034, +0.067, -0.007, +0.032, +0.034, +0.027, +0.017, +0.047] 0.96873 0.00107
chain_ones=1_hidden=1_hetero=1_scramble=0 IRM [+0.189, +0.093, -0.439, +0.029, -0.675, -0.151, -0.425, +0.747, +0.085, +0.338] 1.45978 0.17684
chain_ones=1_hidden=1_hetero=1_scramble=0 SEM [+1.000, +1.000, +1.000, +1.000, +1.000, +0.000, +0.000, +0.000, +0.000, +0.000] 0.00000 0.00000
chain_ones=1_hidden=1_hetero=1_scramble=0 ERM [+0.051, -0.019, +0.005, +0.030, +0.008, +0.019, +0.028, +0.046, +0.018, +0.051] 0.97066 0.00122
chain_ones=1_hidden=1_hetero=1_scramble=0 IRM [+0.125, -0.315, +0.097, -0.545, -0.130, +0.133, +0.464, +0.089, +0.530, +0.209] 1.39473 0.11305
chain_ones=1_hidden=1_hetero=1_scramble=0 SEM [+1.000, +1.000, +1.000, +1.000, +1.000, +0.000, +0.000, +0.000, +0.000, +0.000] 0.00000 0.00000
chain_ones=1_hidden=1_hetero=1_scramble=0 ERM [+0.019, -0.023, +0.003, +0.013, -0.009, +0.026, +0.055, +0.028, +0.032, +0.067] 0.99942 0.00201
chain_ones=1_hidden=1_hetero=1_scramble=0 IRM [+0.055, -0.537, +0.063, +0.327, +0.238, +0.172, +0.446, +0.066, -0.030, +0.017] 1.03345 0.04691chain_ones=1_hidden=1_hetero=1_scramble=1 SEM [+1.000, +1.000, +1.000, +1.000, +1.000, +0.000, +0.000, +0.000, +0.000, +0.000] 0.00000 0.00000
chain_ones=1_hidden=1_hetero=1_scramble=1 ERM [-0.009, +0.010, -0.020, -0.004, -0.007, +0.053, +0.028, +0.061, +0.041, +0.060] 1.01201 0.00250
chain_ones=1_hidden=1_hetero=1_scramble=1 IRM [-0.037, -0.123, +0.106, +0.214, +0.054, +0.176, +0.207, +0.206, +0.040, +0.161] 0.92954 0.02882
chain_ones=1_hidden=1_hetero=1_scramble=1 SEM [+1.000, +1.000, +1.000, +1.000, +1.000, +0.000, +0.000, +0.000, +0.000, +0.000] 0.00000 0.00000
chain_ones=1_hidden=1_hetero=1_scramble=1 ERM [-0.002, -0.008, -0.023, -0.014, +0.008, +0.029, +0.036, +0.063, +0.028, +0.040] 1.01558 0.00169
chain_ones=1_hidden=1_hetero=1_scramble=1 IRM [-0.473, -0.076, +0.322, +0.453, +0.566, +0.483, +0.123, -0.313, +0.432, +0.018] 0.85443 0.10664
chain_ones=1_hidden=1_hetero=1_scramble=1 SEM [+1.000, +1.000, +1.000, +1.000, +1.000, +0.000, +0.000, +0.000, +0.000, +0.000] 0.00000 0.00000
chain_ones=1_hidden=1_hetero=1_scramble=1 ERM [+0.028, +0.018, -0.005, -0.030, -0.015, +0.036, +0.056, +0.052, +0.060, +0.062] 1.00240 0.00292
chain_ones=1_hidden=1_hetero=1_scramble=1 IRM [-0.593, -0.786, +0.024, +0.038, +0.438, +0.532, +0.227, -0.234, +0.195, -0.161] 1.58416 0.09064
chain_ones=1_hidden=1_hetero=1_scramble=1 SEM [+1.000, +1.000, +1.000, +1.000, +1.000, +0.000, +0.000, +0.000, +0.000, +0.000] 0.00000 0.00000
chain_ones=1_hidden=1_hetero=1_scramble=1 ERM [-0.017, +0.016, +0.013, -0.001, +0.022, +0.061, +0.045, +0.042, +0.057, +0.035] 0.98739 0.00239
chain_ones=1_hidden=1_hetero=1_scramble=1 IRM [-0.103, +0.360, -0.423, +0.128, +0.087, +0.025, +0.161, -0.218, +0.223, -0.587] 1.04923 0.09386
chain_ones=1_hidden=1_hetero=1_scramble=1 SEM [+1.000, +1.000, +1.000, +1.000, +1.000, +0.000, +0.000, +0.000, +0.000, +0.000] 0.00000 0.00000
chain_ones=1_hidden=1_hetero=1_scramble=1 ERM [+0.023, +0.012, -0.004, -0.019, -0.014, +0.023, +0.047, +0.042, +0.054, +0.057] 1.00076 0.00213
chain_ones=1_hidden=1_hetero=1_scramble=1 IRM [+0.518, -0.301, -0.162, +0.237, +0.440, -0.312, +0.267, +0.334, -0.108, -0.104] 0.83419 0.06061
chain_ones=1_hidden=1_hetero=1_scramble=1 SEM [+1.000, +1.000, +1.000, +1.000, +1.000, +0.000, +0.000, +0.000, +0.000, +0.000] 0.00000 0.00000
chain_ones=1_hidden=1_hetero=1_scramble=1 ERM [+0.008, +0.004, -0.016, +0.008, +0.003, +0.055, +0.057, +0.053, +0.054, +0.052] 0.99747 0.00293
chain_ones=1_hidden=1_hetero=1_scramble=1 IRM [-0.016, -0.312, +0.076, -0.677, -0.144, -0.102, +0.364, -0.091, +0.448, +0.289] 1.54600 0.08699
chain_ones=1_hidden=1_hetero=1_scramble=1 SEM [+1.000, +1.000, +1.000, +1.000, +1.000, +0.000, +0.000, +0.000, +0.000, +0.000] 0.00000 0.00000
chain_ones=1_hidden=1_hetero=1_scramble=1 ERM [-0.007, +0.006, +0.024, -0.010, -0.003, +0.037, +0.048, +0.040, +0.057, +0.057] 0.99619 0.00234
chain_ones=1_hidden=1_hetero=1_scramble=1 IRM [+0.001, -0.221, -0.681, -0.111, +0.374, +0.214, +0.439, +0.413, +0.260, -0.194] 1.38783 0.10284
chain_ones=1_hidden=1_hetero=1_scramble=1 SEM [+1.000, +1.000, +1.000, +1.000, +1.000, +0.000, +0.000, +0.000, +0.000, +0.000] 0.00000 0.00000
chain_ones=1_hidden=1_hetero=1_scramble=1 ERM [+0.010, -0.017, +0.010, +0.012, +0.007, +0.049, +0.070, +0.060, +0.049, +0.050] 0.99121 0.00314
chain_ones=1_hidden=1_hetero=1_scramble=1 IRM [+0.331, +0.131, +0.112, -0.120, -0.326, +0.131, -0.007, -0.025, +0.183, +0.312] 1.00074 0.02973
chain_ones=1_hidden=1_hetero=1_scramble=1 SEM [+1.000, +1.000, +1.000, +1.000, +1.000, +0.000, +0.000, +0.000, +0.000, +0.000] 0.00000 0.00000
chain_ones=1_hidden=1_hetero=1_scramble=1 ERM [+0.017, +0.018, -0.025, -0.007, +0.034, +0.038, +0.019, +0.054, +0.040, +0.020] 0.98586 0.00133
chain_ones=1_hidden=1_hetero=1_scramble=1 IRM [-0.006, +0.041, +0.317, +0.116, -0.207, +0.067, -0.161, +0.213, +0.293, +0.523] 0.92772 0.08706
chain_ones=1_hidden=1_hetero=1_scramble=1 SEM [+1.000, +1.000, +1.000, +1.000, +1.000, +0.000, +0.000, +0.000, +0.000, +0.000] 0.00000 0.00000
chain_ones=1_hidden=1_hetero=1_scramble=1 ERM [-0.004, +0.001, -0.001, -0.010, +0.005, +0.049, +0.044, +0.047, +0.033, +0.044] 1.00379 0.00192
chain_ones=1_hidden=1_hetero=1_scramble=1 IRM [-0.040, -0.029, +0.027, +0.017, -0.728, +0.228, +0.045, +0.186, +0.141, +0.149] 1.40837 0.02610