chain_ones=1_hidden=0_hetero=0_scramble=0 SEM [+1.000, +1.000, +1.000, +1.000, +1.000, +0.000, +0.000, +0.000, +0.000, +0.000] 0.00000 0.00000
chain_ones=1_hidden=0_hetero=0_scramble=0 ERM [+0.021, +0.040, +0.055, +0.026, +0.043, +0.011, +0.010, -0.009, +0.001, +0.007] 0.92746 0.00007
chain_ones=1_hidden=0_hetero=0_scramble=0 IRM [-0.336, +0.818, -0.381, +0.564, -1.044, +0.079, +0.123, +0.434, +0.457, +0.339] 1.61912 0.10662
chain_ones=1_hidden=0_hetero=0_scramble=0 SEM [+1.000, +1.000, +1.000, +1.000, +1.000, +0.000, +0.000, +0.000, +0.000, +0.000] 0.00000 0.00000
chain_ones=1_hidden=0_hetero=0_scramble=0 ERM [+0.077, +0.001, +0.027, +0.017, -0.007, -0.005, -0.005, +0.002, +0.026, +0.015] 0.95539 0.00019
chain_ones=1_hidden=0_hetero=0_scramble=0 IRM [+0.535, -0.246, +0.512, +0.244, -0.171, -0.220, +0.264, +0.133, -0.034, +0.479] 0.79004 0.07324
chain_ones=1_hidden=0_hetero=0_scramble=0 SEM [+1.000, +1.000, +1.000, +1.000, +1.000, +0.000, +0.000, +0.000, +0.000, +0.000] 0.00000 0.00000
chain_ones=1_hidden=0_hetero=0_scramble=0 ERM [+0.064, +0.015, +0.053, +0.028, -0.007, +0.046, +0.019, -0.018, -0.013, +0.018] 0.94023 0.00066
chain_ones=1_hidden=0_hetero=0_scramble=0 IRM [+0.758, -0.188, -0.128, -0.597, +0.669, +0.166, +0.542, -0.011, +0.263, -0.367] 1.07997 0.10526
chain_ones=1_hidden=0_hetero=0_scramble=0 SEM [+1.000, +1.000, +1.000, +1.000, +1.000, +0.000, +0.000, +0.000, +0.000, +0.000] 0.00000 0.00000
chain_ones=1_hidden=0_hetero=0_scramble=0 ERM [+0.022, +0.017, +0.066, -0.009, +0.066, +0.023, +0.018, +0.033, +0.002, +0.068] 0.93745 0.00132
chain_ones=1_hidden=0_hetero=0_scramble=0 IRM [-0.192, -0.111, -0.600, +0.344, +0.077, +0.192, +0.172, +0.715, -0.258, +0.374] 1.29977 0.15683
chain_ones=1_hidden=0_hetero=0_scramble=0 SEM [+1.000, +1.000, +1.000, +1.000, +1.000, +0.000, +0.000, +0.000, +0.000, +0.000] 0.00000 0.00000
chain_ones=1_hidden=0_hetero=0_scramble=0 ERM [+0.025, +0.037, +0.035, +0.030, +0.002, +0.001, +0.004, -0.006, +0.002, +0.009] 0.94925 0.00003
chain_ones=1_hidden=0_hetero=0_scramble=0 IRM [+0.102, +0.404, +0.255, -0.102, -0.334, -0.107, -0.401, -0.021, +0.242, +0.227] 0.94262 0.05651
chain_ones=1_hidden=0_hetero=0_scramble=0 SEM [+1.000, +1.000, +1.000, +1.000, +1.000, +0.000, +0.000, +0.000, +0.000, +0.000] 0.00000 0.00000
chain_ones=1_hidden=0_hetero=0_scramble=0 ERM [+0.064, +0.020, +0.004, +0.041, +0.034, -0.023, +0.047, +0.014, +0.022, +0.010] 0.93657 0.00070
chain_ones=1_hidden=0_hetero=0_scramble=0 IRM [+0.048, -0.050, +0.161, +0.337, +0.308, +0.001, +0.414, +0.157, +0.265, +0.093] 0.72632 0.05501
chain_ones=1_hidden=0_hetero=0_scramble=0 SEM [+1.000, +1.000, +1.000, +1.000, +1.000, +0.000, +0.000, +0.000, +0.000, +0.000] 0.00000 0.00000
chain_ones=1_hidden=0_hetero=0_scramble=0 ERM [+0.041, +0.064, +0.035, +0.048, +0.035, -0.004, -0.013, +0.023, -0.005, -0.001] 0.91303 0.00015
chain_ones=1_hidden=0_hetero=0_scramble=0 IRM [+0.094, +1.567, +0.650, +0.601, +1.974, +0.599, -0.476, +0.055, +0.036, -1.044] 0.47425 0.33607
chain_ones=1_hidden=0_hetero=0_scramble=0 SEM [+1.000, +1.000, +1.000, +1.000, +1.000, +0.000, +0.000, +0.000, +0.000, +0.000] 0.00000 0.00000
chain_ones=1_hidden=0_hetero=0_scramble=0 ERM [+0.073, +0.026, +0.034, +0.054, +0.034, -0.011, +0.021, -0.001, -0.000, +0.004] 0.91333 0.00011
chain_ones=1_hidden=0_hetero=0_scramble=0 IRM [+0.311, -2.135, +0.098, +0.263, +0.365, +0.194, +0.163, -0.132, +0.040, +0.038] 2.41292 0.01696
chain_ones=1_hidden=0_hetero=0_scramble=0 SEM [+1.000, +1.000, +1.000, +1.000, +1.000, +0.000, +0.000, +0.000, +0.000, +0.000] 0.00000 0.00000
chain_ones=1_hidden=0_hetero=0_scramble=0 ERM [+0.030, +0.015, +0.028, +0.039, +0.023, +0.015, -0.001, +0.026, +0.025, +0.011] 0.94664 0.00033
chain_ones=1_hidden=0_hetero=0_scramble=0 IRM [+0.186, +0.042, +0.165, +0.351, +0.074, +0.075, -0.051, +0.027, +0.021, +0.022] 0.71095 0.00199
chain_ones=1_hidden=0_hetero=0_scramble=0 SEM [+1.000, +1.000, +1.000, +1.000, +1.000, +0.000, +0.000, +0.000, +0.000, +0.000] 0.00000 0.00000
chain_ones=1_hidden=0_hetero=0_scramble=0 ERM [+0.009, +0.058, +0.027, +0.072, +0.046, +0.026, -0.007, +0.002, +0.016, -0.024] 0.91720 0.00031
chain_ones=1_hidden=0_hetero=0_scramble=0 IRM [+0.614, -0.044, +0.310, +1.019, +0.242, -0.020, +0.438, +0.029, -0.395, +0.046] 0.45804 0.07021chain_ones=1_hidden=0_hetero=0_scramble=1 SEM [+1.000, +1.000, +1.000, +1.000, +1.000, +0.000, +0.000, +0.000, +0.000, +0.000] 0.00000 0.00000
chain_ones=1_hidden=0_hetero=0_scramble=1 ERM [+0.025, +0.013, +0.058, +0.058, +0.035, +0.009, +0.013, -0.020, -0.010, -0.013] 0.92609 0.00018
chain_ones=1_hidden=0_hetero=0_scramble=1 IRM [-0.432, +0.463, +0.525, +1.256, -0.178, +0.780, +0.042, +0.083, -0.354, +0.054] 0.80340 0.14901
chain_ones=1_hidden=0_hetero=0_scramble=1 SEM [+1.000, +1.000, +1.000, +1.000, +1.000, +0.000, +0.000, +0.000, +0.000, +0.000] 0.00000 0.00000
chain_ones=1_hidden=0_hetero=0_scramble=1 ERM [+0.019, +0.019, +0.026, +0.032, +0.013, +0.026, +0.004, +0.003, +0.025, +0.026] 0.95746 0.00040
chain_ones=1_hidden=0_hetero=0_scramble=1 IRM [-0.081, -0.443, -0.172, +0.196, -0.095, +0.102, +0.448, +0.111, -0.016, +0.340] 1.29447 0.06783
chain_ones=1_hidden=0_hetero=0_scramble=1 SEM [+1.000, +1.000, +1.000, +1.000, +1.000, +0.000, +0.000, +0.000, +0.000, +0.000] 0.00000 0.00000
chain_ones=1_hidden=0_hetero=0_scramble=1 ERM [+0.026, +0.032, +0.012, +0.027, +0.029, +0.004, +0.008, +0.026, +0.004, +0.017] 0.95068 0.00021
chain_ones=1_hidden=0_hetero=0_scramble=1 IRM [-0.310, +0.435, -0.234, +0.122, +0.168, +0.375, -0.001, +0.548, +0.234, -0.002] 1.00458 0.09908
chain_ones=1_hidden=0_hetero=0_scramble=1 SEM [+1.000, +1.000, +1.000, +1.000, +1.000, +0.000, +0.000, +0.000, +0.000, +0.000] 0.00000 0.00000
chain_ones=1_hidden=0_hetero=0_scramble=1 ERM [+0.028, -0.011, +0.076, +0.030, +0.046, +0.011, +0.033, -0.013, +0.021, +0.004] 0.93389 0.00038
chain_ones=1_hidden=0_hetero=0_scramble=1 IRM [+2.617, +0.705, -0.035, +1.097, +1.631, +0.996, -0.467, +0.700, +0.635, -0.839] 0.83627 0.56144
chain_ones=1_hidden=0_hetero=0_scramble=1 SEM [+1.000, +1.000, +1.000, +1.000, +1.000, +0.000, +0.000, +0.000, +0.000, +0.000] 0.00000 0.00000
chain_ones=1_hidden=0_hetero=0_scramble=1 ERM [-0.029, +0.040, +0.001, +0.021, +0.008, +0.049, -0.007, +0.020, +0.016, +0.017] 0.98420 0.00067
chain_ones=1_hidden=0_hetero=0_scramble=1 IRM [-0.117, +0.546, -0.012, +0.320, +0.215, +0.038, -0.043, +0.194, +0.086, -0.215] 0.71109 0.01897
chain_ones=1_hidden=0_hetero=0_scramble=1 SEM [+1.000, +1.000, +1.000, +1.000, +1.000, +0.000, +0.000, +0.000, +0.000, +0.000] 0.00000 0.00000
chain_ones=1_hidden=0_hetero=0_scramble=1 ERM [+0.015, +0.005, +0.009, +0.014, +0.030, +0.026, +0.016, +0.035, +0.010, +0.035] 0.97092 0.00070
chain_ones=1_hidden=0_hetero=0_scramble=1 IRM [-0.144, +0.051, +0.039, +0.598, +0.484, +0.328, -0.047, +0.186, -0.403, -0.053] 0.71218 0.06186
chain_ones=1_hidden=0_hetero=0_scramble=1 SEM [+1.000, +1.000, +1.000, +1.000, +1.000, +0.000, +0.000, +0.000, +0.000, +0.000] 0.00000 0.00000
chain_ones=1_hidden=0_hetero=0_scramble=1 ERM [+0.016, +0.038, +0.007, +0.043, +0.014, +0.014, +0.003, +0.023, +0.002, +0.007] 0.95326 0.00016
chain_ones=1_hidden=0_hetero=0_scramble=1 IRM [+0.177, +0.301, +0.004, +0.386, +0.317, -0.044, +0.158, +0.031, +0.043, -0.028] 0.60045 0.00611
chain_ones=1_hidden=0_hetero=0_scramble=1 SEM [+1.000, +1.000, +1.000, +1.000, +1.000, +0.000, +0.000, +0.000, +0.000, +0.000] 0.00000 0.00000
chain_ones=1_hidden=0_hetero=0_scramble=1 ERM [+0.039, +0.054, +0.023, +0.045, +0.032, -0.007, -0.005, +0.008, -0.005, +0.008] 0.92452 0.00005
chain_ones=1_hidden=0_hetero=0_scramble=1 IRM [+0.048, -0.218, -0.063, +0.099, +0.215, +0.072, +0.137, -0.053, -0.170, +0.146] 0.98951 0.01536
chain_ones=1_hidden=0_hetero=0_scramble=1 SEM [+1.000, +1.000, +1.000, +1.000, +1.000, +0.000, +0.000, +0.000, +0.000, +0.000] 0.00000 0.00000
chain_ones=1_hidden=0_hetero=0_scramble=1 ERM [+0.000, +0.021, +0.035, +0.031, +0.024, +0.035, +0.017, -0.003, +0.006, +0.004] 0.95614 0.00031
chain_ones=1_hidden=0_hetero=0_scramble=1 IRM [-0.428, +0.842, +0.698, -0.312, +0.265, +0.764, +0.518, -0.695, +0.839, +0.330] 0.88300 0.42971
chain_ones=1_hidden=0_hetero=0_scramble=1 SEM [+1.000, +1.000, +1.000, +1.000, +1.000, +0.000, +0.000, +0.000, +0.000, +0.000] 0.00000 0.00000
chain_ones=1_hidden=0_hetero=0_scramble=1 ERM [+0.021, +0.074, +0.048, +0.018, +0.057, +0.003, -0.022, +0.001, +0.009, -0.046] 0.91489 0.00055
chain_ones=1_hidden=0_hetero=0_scramble=1 IRM [-0.133, +0.540, -0.237, -0.427, -0.566, +0.332, -0.429, +0.274, +0.467, -0.028] 1.50281 0.11754chain_ones=1_hidden=0_hetero=1_scramble=0 SEM [+1.000, +1.000, +1.000, +1.000, +1.000, +0.000, +0.000, +0.000, +0.000, +0.000] 0.00000 0.00000
chain_ones=1_hidden=0_hetero=1_scramble=0 ERM [-0.010, -0.015, +0.012, +0.010, -0.003, +0.038, +0.088, +0.021, +0.036, +0.039] 1.00204 0.00251
chain_ones=1_hidden=0_hetero=1_scramble=0 IRM [-0.742, -0.560, -0.969, +1.123, -0.634, +0.672, +0.539, +0.777, +0.505, -0.228] 2.40616 0.33067
chain_ones=1_hidden=0_hetero=1_scramble=0 SEM [+1.000, +1.000, +1.000, +1.000, +1.000, +0.000, +0.000, +0.000, +0.000, +0.000] 0.00000 0.00000
chain_ones=1_hidden=0_hetero=1_scramble=0 ERM [+0.024, -0.036, +0.027, +0.031, -0.001, +0.028, +0.056, +0.028, +0.029, +0.031] 0.98265 0.00129
chain_ones=1_hidden=0_hetero=1_scramble=0 IRM [+0.110, +0.209, -0.186, +2.755, -1.657, -0.164, +0.002, -0.478, +0.270, +1.852] 2.59262 0.75200
chain_ones=1_hidden=0_hetero=1_scramble=0 SEM [+1.000, +1.000, +1.000, +1.000, +1.000, +0.000, +0.000, +0.000, +0.000, +0.000] 0.00000 0.00000
chain_ones=1_hidden=0_hetero=1_scramble=0 ERM [+0.053, +0.002, +0.039, +0.001, -0.027, +0.018, +0.045, +0.001, +0.018, +0.050] 0.97382 0.00105
chain_ones=1_hidden=0_hetero=1_scramble=0 IRM [-0.066, +0.092, +0.214, +0.475, -0.624, +0.067, +0.352, -0.077, -0.418, +0.308] 1.09806 0.08065
chain_ones=1_hidden=0_hetero=1_scramble=0 SEM [+1.000, +1.000, +1.000, +1.000, +1.000, +0.000, +0.000, +0.000, +0.000, +0.000] 0.00000 0.00000
chain_ones=1_hidden=0_hetero=1_scramble=0 ERM [+0.064, +0.008, +0.035, +0.059, -0.013, +0.002, +0.027, +0.014, +0.023, +0.051] 0.94098 0.00081
chain_ones=1_hidden=0_hetero=1_scramble=0 IRM [+0.510, -1.034, +1.061, -0.256, -0.168, +0.028, -0.016, -0.304, +0.056, +0.101] 1.46500 0.02139
chain_ones=1_hidden=0_hetero=1_scramble=0 SEM [+1.000, +1.000, +1.000, +1.000, +1.000, +0.000, +0.000, +0.000, +0.000, +0.000] 0.00000 0.00000
chain_ones=1_hidden=0_hetero=1_scramble=0 ERM [+0.015, +0.006, +0.014, +0.010, +0.042, +0.023, +0.022, +0.024, +0.010, +0.027] 0.96564 0.00048
chain_ones=1_hidden=0_hetero=1_scramble=0 IRM [+0.560, +0.113, -0.404, -0.022, -0.014, -0.078, +0.073, +0.228, +0.199, +0.103] 1.00460 0.02269
chain_ones=1_hidden=0_hetero=1_scramble=0 SEM [+1.000, +1.000, +1.000, +1.000, +1.000, +0.000, +0.000, +0.000, +0.000, +0.000] 0.00000 0.00000
chain_ones=1_hidden=0_hetero=1_scramble=0 ERM [+0.038, -0.004, -0.004, -0.037, -0.057, +0.030, +0.034, +0.045, +0.051, +0.073] 1.02687 0.00243
chain_ones=1_hidden=0_hetero=1_scramble=0 IRM [+0.170, +0.885, -0.223, -0.221, -0.006, +0.017, -0.159, +0.184, +0.219, +0.256] 0.93987 0.03469
chain_ones=1_hidden=0_hetero=1_scramble=0 SEM [+1.000, +1.000, +1.000, +1.000, +1.000, +0.000, +0.000, +0.000, +0.000, +0.000] 0.00000 0.00000
chain_ones=1_hidden=0_hetero=1_scramble=0 ERM [+0.002, +0.019, -0.003, +0.043, -0.009, +0.004, +0.015, +0.029, -0.003, +0.041] 0.97910 0.00055
chain_ones=1_hidden=0_hetero=1_scramble=0 IRM [-0.336, -0.276, +0.503, +0.795, +0.235, +0.201, +0.304, -0.295, -0.342, -0.134] 0.85771 0.07095
chain_ones=1_hidden=0_hetero=1_scramble=0 SEM [+1.000, +1.000, +1.000, +1.000, +1.000, +0.000, +0.000, +0.000, +0.000, +0.000] 0.00000 0.00000
chain_ones=1_hidden=0_hetero=1_scramble=0 ERM [-0.026, +0.005, -0.001, -0.002, +0.016, +0.024, +0.022, +0.033, +0.036, +0.017] 1.00363 0.00075
chain_ones=1_hidden=0_hetero=1_scramble=0 IRM [-0.308, +0.423, -0.598, -0.356, +0.102, +0.327, -0.062, +0.219, +0.142, +0.405] 1.44869 0.06865
chain_ones=1_hidden=0_hetero=1_scramble=0 SEM [+1.000, +1.000, +1.000, +1.000, +1.000, +0.000, +0.000, +0.000, +0.000, +0.000] 0.00000 0.00000
chain_ones=1_hidden=0_hetero=1_scramble=0 ERM [+0.039, +0.034, +0.011, +0.003, +0.028, +0.024, +0.036, +0.025, +0.015, +0.036] 0.95493 0.00080
chain_ones=1_hidden=0_hetero=1_scramble=0 IRM [+0.397, +0.723, -0.144, +0.256, +0.940, +0.310, +0.148, +0.296, -0.034, -0.269] 0.46139 0.05591
chain_ones=1_hidden=0_hetero=1_scramble=0 SEM [+1.000, +1.000, +1.000, +1.000, +1.000, +0.000, +0.000, +0.000, +0.000, +0.000] 0.00000 0.00000
chain_ones=1_hidden=0_hetero=1_scramble=0 ERM [+0.011, +0.048, +0.013, +0.015, +0.041, +0.033, +0.008, +0.021, +0.022, -0.040] 0.94964 0.00073
chain_ones=1_hidden=0_hetero=1_scramble=0 IRM [-0.201, +1.080, -0.647, +0.881, -0.174, +0.093, -0.260, +0.744, -0.193, -0.482] 1.11092 0.17984chain_ones=1_hidden=0_hetero=1_scramble=1 SEM [+1.000, +1.000, +1.000, +1.000, +1.000, +0.000, +0.000, +0.000, +0.000, +0.000] 0.00000 0.00000
chain_ones=1_hidden=0_hetero=1_scramble=1 ERM [+0.019, +0.013, -0.025, +0.036, -0.002, +0.033, +0.007, +0.052, +0.005, +0.019] 0.98400 0.00085
chain_ones=1_hidden=0_hetero=1_scramble=1 IRM [+0.384, +0.620, -0.328, +1.414, -0.457, +0.081, -0.086, +0.488, -0.364, +0.429] 0.91674 0.11365
chain_ones=1_hidden=0_hetero=1_scramble=1 SEM [+1.000, +1.000, +1.000, +1.000, +1.000, +0.000, +0.000, +0.000, +0.000, +0.000] 0.00000 0.00000
chain_ones=1_hidden=0_hetero=1_scramble=1 ERM [+0.031, -0.001, -0.051, -0.026, +0.041, +0.032, +0.053, +0.057, +0.035, +0.016] 1.00324 0.00173
chain_ones=1_hidden=0_hetero=1_scramble=1 IRM [+2.297, +0.662, +0.595, +0.073, +1.197, -0.469, -0.330, -0.233, +0.592, -0.150] 0.57181 0.15131
chain_ones=1_hidden=0_hetero=1_scramble=1 SEM [+1.000, +1.000, +1.000, +1.000, +1.000, +0.000, +0.000, +0.000, +0.000, +0.000] 0.00000 0.00000
chain_ones=1_hidden=0_hetero=1_scramble=1 ERM [-0.013, -0.012, +0.025, +0.010, +0.033, +0.037, +0.034, +0.018, +0.011, +0.017] 0.98337 0.00066
chain_ones=1_hidden=0_hetero=1_scramble=1 IRM [+0.636, -0.291, -0.314, +0.513, +0.313, -0.129, +0.085, +0.287, -0.113, +0.116] 0.84685 0.02641
chain_ones=1_hidden=0_hetero=1_scramble=1 SEM [+1.000, +1.000, +1.000, +1.000, +1.000, +0.000, +0.000, +0.000, +0.000, +0.000] 0.00000 0.00000
chain_ones=1_hidden=0_hetero=1_scramble=1 ERM [+0.017, +0.018, +0.002, +0.010, +0.019, +0.016, +0.050, +0.049, +0.037, +0.012] 0.97399 0.00133
chain_ones=1_hidden=0_hetero=1_scramble=1 IRM [-0.241, -0.033, -0.019, +0.355, -0.056, -0.206, +0.128, +0.386, -0.332, +0.560] 1.03574 0.12635
chain_ones=1_hidden=0_hetero=1_scramble=1 SEM [+1.000, +1.000, +1.000, +1.000, +1.000, +0.000, +0.000, +0.000, +0.000, +0.000] 0.00000 0.00000
chain_ones=1_hidden=0_hetero=1_scramble=1 ERM [-0.036, +0.087, +0.048, +0.030, -0.021, +0.057, -0.016, -0.010, +0.010, +0.027] 0.95940 0.00088
chain_ones=1_hidden=0_hetero=1_scramble=1 IRM [+0.198, -0.096, +0.224, -0.150, -0.009, -0.130, +0.417, +0.138, +0.194, +0.251] 0.95739 0.06206
chain_ones=1_hidden=0_hetero=1_scramble=1 SEM [+1.000, +1.000, +1.000, +1.000, +1.000, +0.000, +0.000, +0.000, +0.000, +0.000] 0.00000 0.00000
chain_ones=1_hidden=0_hetero=1_scramble=1 ERM [+0.021, +0.046, +0.000, +0.050, +0.029, +0.041, +0.025, +0.026, +0.004, +0.000] 0.94257 0.00060
chain_ones=1_hidden=0_hetero=1_scramble=1 IRM [-0.097, +0.046, +0.284, +0.429, +0.050, +0.340, -0.221, +0.139, +0.041, +0.190] 0.77065 0.04425
chain_ones=1_hidden=0_hetero=1_scramble=1 SEM [+1.000, +1.000, +1.000, +1.000, +1.000, +0.000, +0.000, +0.000, +0.000, +0.000] 0.00000 0.00000
chain_ones=1_hidden=0_hetero=1_scramble=1 ERM [+0.010, -0.002, +0.017, +0.023, +0.038, +0.024, +0.017, +0.012, +0.017, +0.001] 0.96626 0.00026
chain_ones=1_hidden=0_hetero=1_scramble=1 IRM [+0.133, +0.125, +0.018, +0.189, +0.043, -0.004, -0.046, +0.331, +0.144, -0.009] 0.81099 0.02650
chain_ones=1_hidden=0_hetero=1_scramble=1 SEM [+1.000, +1.000, +1.000, +1.000, +1.000, +0.000, +0.000, +0.000, +0.000, +0.000] 0.00000 0.00000
chain_ones=1_hidden=0_hetero=1_scramble=1 ERM [+0.023, +0.006, +0.044, +0.049, +0.009, -0.005, +0.037, +0.038, +0.005, +0.047] 0.94837 0.00101
chain_ones=1_hidden=0_hetero=1_scramble=1 IRM [+0.176, +0.158, +0.946, -0.099, +0.596, +0.156, +0.360, -0.045, -0.228, -0.070] 0.55226 0.04251
chain_ones=1_hidden=0_hetero=1_scramble=1 SEM [+1.000, +1.000, +1.000, +1.000, +1.000, +0.000, +0.000, +0.000, +0.000, +0.000] 0.00000 0.00000
chain_ones=1_hidden=0_hetero=1_scramble=1 ERM [+0.012, +0.015, +0.033, +0.064, +0.012, +0.027, +0.040, +0.009, +0.012, +0.051] 0.94698 0.00104
chain_ones=1_hidden=0_hetero=1_scramble=1 IRM [+0.486, +0.063, -0.109, +0.196, +0.338, +0.054, +0.178, -0.161, -0.191, +0.044] 0.69104 0.01980
chain_ones=1_hidden=0_hetero=1_scramble=1 SEM [+1.000, +1.000, +1.000, +1.000, +1.000, +0.000, +0.000, +0.000, +0.000, +0.000] 0.00000 0.00000
chain_ones=1_hidden=0_hetero=1_scramble=1 ERM [+0.006, +0.033, -0.001, +0.032, -0.001, +0.057, +0.007, +0.053, +0.017, +0.081] 0.97297 0.00261
chain_ones=1_hidden=0_hetero=1_scramble=1 IRM [+0.225, +0.309, -0.521, -1.369, +0.012, +0.017, +0.230, +0.485, +0.626, +0.470] 1.99639 0.18025chain_ones=1_hidden=1_hetero=0_scramble=0 SEM [+1.000, +1.000, +1.000, +1.000, +1.000, +0.000, +0.000, +0.000, +0.000, +0.000] 0.00000 0.00000
chain_ones=1_hidden=1_hetero=0_scramble=0 ERM [+0.057, +0.024, +0.052, +0.059, +0.075, +0.021, +0.028, +0.040, +0.015, -0.000] 0.89629 0.00061
chain_ones=1_hidden=1_hetero=0_scramble=0 IRM [-0.511, +0.384, +0.516, +0.001, +0.241, +0.064, +0.008, -0.398, +0.147, -0.098] 0.89394 0.03868
chain_ones=1_hidden=1_hetero=0_scramble=0 SEM [+1.000, +1.000, +1.000, +1.000, +1.000, +0.000, +0.000, +0.000, +0.000, +0.000] 0.00000 0.00000
chain_ones=1_hidden=1_hetero=0_scramble=0 ERM [+0.044, +0.022, +0.059, +0.031, +0.017, +0.003, +0.009, +0.027, -0.010, -0.030] 0.93198 0.00037
chain_ones=1_hidden=1_hetero=0_scramble=0 IRM [+0.374, +0.588, +0.573, +0.418, -0.519, -0.284, +0.057, +0.159, -0.164, +0.342] 0.67812 0.05053
chain_ones=1_hidden=1_hetero=0_scramble=0 SEM [+1.000, +1.000, +1.000, +1.000, +1.000, +0.000, +0.000, +0.000, +0.000, +0.000] 0.00000 0.00000
chain_ones=1_hidden=1_hetero=0_scramble=0 ERM [+0.104, -0.003, +0.049, +0.041, +0.036, +0.014, +0.019, -0.012, +0.029, +0.017] 0.91221 0.00036
chain_ones=1_hidden=1_hetero=0_scramble=0 IRM [+0.979, -0.409, +0.978, -0.701, +0.639, -0.169, +0.333, -0.166, -0.007, +0.002] 1.00245 0.03350
chain_ones=1_hidden=1_hetero=0_scramble=0 SEM [+1.000, +1.000, +1.000, +1.000, +1.000, +0.000, +0.000, +0.000, +0.000, +0.000] 0.00000 0.00000
chain_ones=1_hidden=1_hetero=0_scramble=0 ERM [+0.010, -0.002, +0.023, +0.031, +0.020, +0.005, +0.029, +0.009, +0.018, +0.010] 0.96799 0.00028
chain_ones=1_hidden=1_hetero=0_scramble=0 IRM [+0.302, +0.501, -0.787, +0.187, -0.071, -0.062, -0.038, +0.456, -0.103, +0.138] 1.14743 0.04861
chain_ones=1_hidden=1_hetero=0_scramble=0 SEM [+1.000, +1.000, +1.000, +1.000, +1.000, +0.000, +0.000, +0.000, +0.000, +0.000] 0.00000 0.00000
chain_ones=1_hidden=1_hetero=0_scramble=0 ERM [+0.029, +0.062, -0.018, +0.016, +0.008, +0.064, +0.010, +0.012, +0.011, +0.025] 0.96226 0.00103
chain_ones=1_hidden=1_hetero=0_scramble=0 IRM [+1.584, +0.142, -0.649, -0.196, +1.225, +0.774, +0.266, +0.380, -0.058, +0.129] 1.05569 0.16678
chain_ones=1_hidden=1_hetero=0_scramble=0 SEM [+1.000, +1.000, +1.000, +1.000, +1.000, +0.000, +0.000, +0.000, +0.000, +0.000] 0.00000 0.00000
chain_ones=1_hidden=1_hetero=0_scramble=0 ERM [+0.056, +0.021, +0.015, +0.018, +0.013, +0.010, +0.004, -0.024, -0.003, +0.015] 0.95179 0.00018
chain_ones=1_hidden=1_hetero=0_scramble=0 IRM [+0.123, -0.039, +0.126, +0.058, -0.222, +0.026, +0.149, -0.079, +0.097, +0.026] 0.99889 0.00786
chain_ones=1_hidden=1_hetero=0_scramble=0 SEM [+1.000, +1.000, +1.000, +1.000, +1.000, +0.000, +0.000, +0.000, +0.000, +0.000] 0.00000 0.00000
chain_ones=1_hidden=1_hetero=0_scramble=0 ERM [+0.042, +0.039, +0.080, +0.096, +0.006, +0.007, +0.001, +0.003, +0.015, +0.025] 0.89874 0.00018
chain_ones=1_hidden=1_hetero=0_scramble=0 IRM [+0.284, +0.265, +0.299, +0.398, -0.028, +0.016, +0.060, +0.134, -0.072, +0.034] 0.59302 0.00563
chain_ones=1_hidden=1_hetero=0_scramble=0 SEM [+1.000, +1.000, +1.000, +1.000, +1.000, +0.000, +0.000, +0.000, +0.000, +0.000] 0.00000 0.00000
chain_ones=1_hidden=1_hetero=0_scramble=0 ERM [+0.003, +0.063, +0.068, -0.014, +0.032, +0.028, -0.006, +0.007, +0.024, +0.008] 0.94092 0.00030
chain_ones=1_hidden=1_hetero=0_scramble=0 IRM [-1.214, +1.548, -1.568, -0.236, +0.496, +0.292, -0.632, +0.448, +0.257, -0.186] 2.71515 0.15712
chain_ones=1_hidden=1_hetero=0_scramble=0 SEM [+1.000, +1.000, +1.000, +1.000, +1.000, +0.000, +0.000, +0.000, +0.000, +0.000] 0.00000 0.00000
chain_ones=1_hidden=1_hetero=0_scramble=0 ERM [+0.074, +0.018, +0.034, +0.035, +0.056, +0.023, +0.007, -0.013, +0.015, +0.011] 0.91564 0.00022
chain_ones=1_hidden=1_hetero=0_scramble=0 IRM [+0.128, +0.041, +0.161, +0.331, +0.526, +0.281, +0.100, -0.157, +0.262, -0.192] 0.61126 0.04384
chain_ones=1_hidden=1_hetero=0_scramble=0 SEM [+1.000, +1.000, +1.000, +1.000, +1.000, +0.000, +0.000, +0.000, +0.000, +0.000] 0.00000 0.00000
chain_ones=1_hidden=1_hetero=0_scramble=0 ERM [+0.018, -0.029, +0.038, +0.079, +0.071, +0.025, +0.009, +0.010, +0.003, +0.004] 0.93240 0.00017
chain_ones=1_hidden=1_hetero=0_scramble=0 IRM [-0.122, -0.741, +0.533, +0.707, -0.448, +0.172, +0.196, +0.113, -0.120, +0.059] 1.33865 0.01974chain_ones=1_hidden=1_hetero=0_scramble=1 SEM [+1.000, +1.000, +1.000, +1.000, +1.000, +0.000, +0.000, +0.000, +0.000, +0.000] 0.00000 0.00000
chain_ones=1_hidden=1_hetero=0_scramble=1 ERM [+0.047, +0.014, +0.036, +0.086, +0.067, +0.021, +0.040, -0.001, -0.013, -0.023] 0.90322 0.00055
chain_ones=1_hidden=1_hetero=0_scramble=1 IRM [+0.522, +0.653, +0.268, -0.321, -0.207, -0.345, -0.242, +0.485, +0.593, +0.252] 0.81693 0.16565
chain_ones=1_hidden=1_hetero=0_scramble=1 SEM [+1.000, +1.000, +1.000, +1.000, +1.000, +0.000, +0.000, +0.000, +0.000, +0.000] 0.00000 0.00000
chain_ones=1_hidden=1_hetero=0_scramble=1 ERM [+0.044, +0.032, +0.022, +0.037, +0.016, -0.020, -0.011, +0.010, -0.006, +0.010] 0.94070 0.00015
chain_ones=1_hidden=1_hetero=0_scramble=1 IRM [-0.188, -1.348, -0.048, +1.596, +0.459, -0.371, +0.291, +0.098, +0.060, -0.084] 1.73363 0.04841
chain_ones=1_hidden=1_hetero=0_scramble=1 SEM [+1.000, +1.000, +1.000, +1.000, +1.000, +0.000, +0.000, +0.000, +0.000, +0.000] 0.00000 0.00000
chain_ones=1_hidden=1_hetero=0_scramble=1 ERM [+0.051, +0.027, +0.025, +0.051, +0.065, +0.018, +0.021, +0.011, -0.015, +0.014] 0.91446 0.00026
chain_ones=1_hidden=1_hetero=0_scramble=1 IRM [+0.243, -0.294, +0.714, -0.310, +0.531, +0.177, +0.178, +0.089, +0.227, -0.253] 0.85328 0.03729
chain_ones=1_hidden=1_hetero=0_scramble=1 SEM [+1.000, +1.000, +1.000, +1.000, +1.000, +0.000, +0.000, +0.000, +0.000, +0.000] 0.00000 0.00000
chain_ones=1_hidden=1_hetero=0_scramble=1 ERM [-0.007, +0.063, +0.041, +0.014, +0.014, +0.027, -0.021, -0.003, +0.037, +0.022] 0.95119 0.00061
chain_ones=1_hidden=1_hetero=0_scramble=1 IRM [-0.714, +0.132, +0.946, -0.335, +0.748, +0.267, +0.176, -0.545, +0.474, -0.195] 1.10784 0.13232
chain_ones=1_hidden=1_hetero=0_scramble=1 SEM [+1.000, +1.000, +1.000, +1.000, +1.000, +0.000, +0.000, +0.000, +0.000, +0.000] 0.00000 0.00000
chain_ones=1_hidden=1_hetero=0_scramble=1 ERM [+0.036, +0.020, +0.028, +0.051, +0.038, +0.018, -0.002, +0.002, -0.006, +0.011] 0.93194 0.00010
chain_ones=1_hidden=1_hetero=0_scramble=1 IRM [-0.104, -0.898, +1.414, -0.757, +0.114, +0.458, +0.339, -0.330, +0.039, +0.211] 1.77318 0.09591
chain_ones=1_hidden=1_hetero=0_scramble=1 SEM [+1.000, +1.000, +1.000, +1.000, +1.000, +0.000, +0.000, +0.000, +0.000, +0.000] 0.00000 0.00000
chain_ones=1_hidden=1_hetero=0_scramble=1 ERM [+0.006, +0.077, -0.011, +0.048, +0.028, +0.038, +0.016, +0.026, +0.011, +0.020] 0.94228 0.00059
chain_ones=1_hidden=1_hetero=0_scramble=1 IRM [+0.023, +0.697, -0.906, -0.224, -0.258, +0.200, -0.032, +0.259, +0.212, +0.382] 1.55174 0.05988
chain_ones=1_hidden=1_hetero=0_scramble=1 SEM [+1.000, +1.000, +1.000, +1.000, +1.000, +0.000, +0.000, +0.000, +0.000, +0.000] 0.00000 0.00000
chain_ones=1_hidden=1_hetero=0_scramble=1 ERM [+0.034, +0.048, +0.083, -0.001, -0.016, -0.000, +0.012, +0.016, +0.027, +0.027] 0.94310 0.00037
chain_ones=1_hidden=1_hetero=0_scramble=1 IRM [+2.465, +0.172, +0.105, -0.208, -0.138, -0.055, -0.447, +0.143, +0.016, +0.393] 1.27709 0.07569
chain_ones=1_hidden=1_hetero=0_scramble=1 SEM [+1.000, +1.000, +1.000, +1.000, +1.000, +0.000, +0.000, +0.000, +0.000, +0.000] 0.00000 0.00000
chain_ones=1_hidden=1_hetero=0_scramble=1 ERM [+0.029, -0.023, +0.014, +0.029, +0.002, +0.013, +0.049, +0.002, -0.015, +0.023] 0.98041 0.00067
chain_ones=1_hidden=1_hetero=0_scramble=1 IRM [+0.071, +0.447, -0.562, +0.359, +0.584, -0.108, -0.270, +0.474, +0.154, -0.242] 0.83818 0.07838
chain_ones=1_hidden=1_hetero=0_scramble=1 SEM [+1.000, +1.000, +1.000, +1.000, +1.000, +0.000, +0.000, +0.000, +0.000, +0.000] 0.00000 0.00000
chain_ones=1_hidden=1_hetero=0_scramble=1 ERM [+0.024, -0.009, +0.042, +0.049, +0.042, +0.019, +0.021, +0.002, +0.017, -0.016] 0.94193 0.00026
chain_ones=1_hidden=1_hetero=0_scramble=1 IRM [+0.858, +0.214, +0.732, +0.518, +0.426, -0.099, +0.027, +0.005, -0.203, -0.075] 0.25430 0.01145
chain_ones=1_hidden=1_hetero=0_scramble=1 SEM [+1.000, +1.000, +1.000, +1.000, +1.000, +0.000, +0.000, +0.000, +0.000, +0.000] 0.00000 0.00000
chain_ones=1_hidden=1_hetero=0_scramble=1 ERM [+0.026, +0.049, +0.061, +0.031, +0.026, +0.039, -0.028, -0.027, +0.008, +0.025] 0.92431 0.00074
chain_ones=1_hidden=1_hetero=0_scramble=1 IRM [+0.238, -0.209, +0.094, -0.043, +0.002, -0.001, +0.198, +0.247, +0.449, +0.130] 0.98976 0.06369chain_ones=1_hidden=1_hetero=1_scramble=0 SEM [+1.000, +1.000, +1.000, +1.000, +1.000, +0.000, +0.000, +0.000, +0.000, +0.000] 0.00000 0.00000
chain_ones=1_hidden=1_hetero=1_scramble=0 ERM [-0.018, +0.013, +0.069, +0.022, -0.010, +0.056, +0.017, +0.020, +0.002, +0.047] 0.97082 0.00120
chain_ones=1_hidden=1_hetero=1_scramble=0 IRM [+0.138, -0.020, +0.209, +0.287, +0.164, +0.022, -0.095, -0.094, +0.090, +0.104] 0.72330 0.00743
chain_ones=1_hidden=1_hetero=1_scramble=0 SEM [+1.000, +1.000, +1.000, +1.000, +1.000, +0.000, +0.000, +0.000, +0.000, +0.000] 0.00000 0.00000
chain_ones=1_hidden=1_hetero=1_scramble=0 ERM [+0.032, -0.005, +0.009, -0.002, +0.054, +0.018, +0.029, +0.030, +0.043, +0.023] 0.96569 0.00089
chain_ones=1_hidden=1_hetero=1_scramble=0 IRM [+0.298, +0.544, +0.056, +0.474, +0.045, +0.224, -0.112, +0.055, +0.041, +0.183] 0.55624 0.02017
chain_ones=1_hidden=1_hetero=1_scramble=0 SEM [+1.000, +1.000, +1.000, +1.000, +1.000, +0.000, +0.000, +0.000, +0.000, +0.000] 0.00000 0.00000
chain_ones=1_hidden=1_hetero=1_scramble=0 ERM [+0.000, +0.029, +0.005, +0.047, +0.026, +0.042, +0.030, +0.034, +0.017, +0.040] 0.95789 0.00112
chain_ones=1_hidden=1_hetero=1_scramble=0 IRM [-0.107, +0.931, +0.918, +0.110, -0.048, +0.373, -0.202, -0.125, +0.015, +0.582] 0.62556 0.10678
chain_ones=1_hidden=1_hetero=1_scramble=0 SEM [+1.000, +1.000, +1.000, +1.000, +1.000, +0.000, +0.000, +0.000, +0.000, +0.000] 0.00000 0.00000
chain_ones=1_hidden=1_hetero=1_scramble=0 ERM [+0.021, +0.003, +0.029, -0.042, +0.053, +0.010, +0.031, +0.041, +0.035, +0.037] 0.97516 0.00108
chain_ones=1_hidden=1_hetero=1_scramble=0 IRM [-0.986, +0.598, +1.189, -0.018, +0.373, +0.235, -0.175, +0.322, +0.682, -0.183] 1.11445 0.13749
chain_ones=1_hidden=1_hetero=1_scramble=0 SEM [+1.000, +1.000, +1.000, +1.000, +1.000, +0.000, +0.000, +0.000, +0.000, +0.000] 0.00000 0.00000
chain_ones=1_hidden=1_hetero=1_scramble=0 ERM [-0.014, +0.027, +0.019, +0.054, +0.005, +0.012, +0.011, +0.027, +0.022, +0.031] 0.96425 0.00049
chain_ones=1_hidden=1_hetero=1_scramble=0 IRM [-0.273, +0.432, +0.206, +0.204, +0.181, -0.033, -0.323, -0.050, +0.250, +0.098] 0.77567 0.03607
chain_ones=1_hidden=1_hetero=1_scramble=0 SEM [+1.000, +1.000, +1.000, +1.000, +1.000, +0.000, +0.000, +0.000, +0.000, +0.000] 0.00000 0.00000
chain_ones=1_hidden=1_hetero=1_scramble=0 ERM [-0.003, +0.026, +0.036, -0.022, -0.059, +0.036, +0.033, +0.034, +0.050, +0.071] 1.00966 0.00223
chain_ones=1_hidden=1_hetero=1_scramble=0 IRM [-0.608, +0.019, +0.182, -0.021, -0.076, +0.494, +0.139, +0.147, +0.377, +0.352] 1.28344 0.11009
chain_ones=1_hidden=1_hetero=1_scramble=0 SEM [+1.000, +1.000, +1.000, +1.000, +1.000, +0.000, +0.000, +0.000, +0.000, +0.000] 0.00000 0.00000
chain_ones=1_hidden=1_hetero=1_scramble=0 ERM [+0.011, -0.032, +0.003, +0.047, +0.017, +0.004, +0.005, +0.040, -0.004, +0.041] 0.98239 0.00068
chain_ones=1_hidden=1_hetero=1_scramble=0 IRM [+0.119, -0.046, -2.390, +0.422, -0.286, -0.039, -0.113, +0.815, -0.252, +0.724] 3.07008 0.25321
chain_ones=1_hidden=1_hetero=1_scramble=0 SEM [+1.000, +1.000, +1.000, +1.000, +1.000, +0.000, +0.000, +0.000, +0.000, +0.000] 0.00000 0.00000
chain_ones=1_hidden=1_hetero=1_scramble=0 ERM [+0.042, -0.023, -0.012, +0.006, +0.032, +0.001, +0.048, +0.015, +0.040, +0.021] 0.98277 0.00093
chain_ones=1_hidden=1_hetero=1_scramble=0 IRM [+0.829, +0.426, +0.087, +0.605, +0.218, -0.157, +0.054, +0.186, -0.116, +0.078] 0.39168 0.01633
chain_ones=1_hidden=1_hetero=1_scramble=0 SEM [+1.000, +1.000, +1.000, +1.000, +1.000, +0.000, +0.000, +0.000, +0.000, +0.000] 0.00000 0.00000
chain_ones=1_hidden=1_hetero=1_scramble=0 ERM [+0.001, +0.000, +0.064, +0.017, +0.039, +0.038, +0.042, +0.016, +0.019, +0.021] 0.95288 0.00087
chain_ones=1_hidden=1_hetero=1_scramble=0 IRM [-0.159, +0.123, +0.368, -0.138, +0.158, +0.219, +0.094, +0.014, +0.248, +0.283] 0.90331 0.03964
chain_ones=1_hidden=1_hetero=1_scramble=0 SEM [+1.000, +1.000, +1.000, +1.000, +1.000, +0.000, +0.000, +0.000, +0.000, +0.000] 0.00000 0.00000
chain_ones=1_hidden=1_hetero=1_scramble=0 ERM [+0.027, +0.055, +0.075, -0.084, +0.032, +0.017, +0.010, +0.004, +0.040, +0.010] 0.96192 0.00043
chain_ones=1_hidden=1_hetero=1_scramble=0 IRM [-0.009, +0.447, +0.228, -0.592, -0.581, +0.252, +0.270, +0.373, -0.049, +0.313] 1.39068 0.07504chain_ones=1_hidden=0_hetero=0_scramble=0 SEM [+1.000, +1.000, +1.000, +1.000, +1.000, +0.000, +0.000, +0.000, +0.000, +0.000] 0.00000 0.00000
chain_ones=1_hidden=0_hetero=0_scramble=0 ERM [+0.041, +0.058, +0.051, +0.037, +0.045, +0.004, -0.000, -0.002, -0.014, +0.010] 0.90947 0.00007
chain_ones=1_hidden=0_hetero=0_scramble=0 IRM [-0.132, -0.190, +0.313, +0.133, +0.400, +0.324, +0.076, -0.343, -0.124, -0.444] 0.85616 0.08819
chain_ones=1_hidden=0_hetero=0_scramble=0 SEM [+1.000, +1.000, +1.000, +1.000, +1.000, +0.000, +0.000, +0.000, +0.000, +0.000] 0.00000 0.00000
chain_ones=1_hidden=0_hetero=0_scramble=0 ERM [+0.055, +0.048, +0.023, +0.044, +0.050, -0.002, -0.003, +0.042, -0.000, +0.000] 0.91373 0.00035
chain_ones=1_hidden=0_hetero=0_scramble=0 IRM [-0.178, -0.596, +0.161, -0.652, -0.087, +0.428, +0.085, +0.148, -0.269, -0.191] 1.70996 0.06432
chain_ones=1_hidden=0_hetero=0_scramble=0 SEM [+1.000, +1.000, +1.000, +1.000, +1.000, +0.000, +0.000, +0.000, +0.000, +0.000] 0.00000 0.00000
chain_ones=1_hidden=0_hetero=0_scramble=0 ERM [+0.060, +0.018, +0.083, +0.034, +0.029, -0.003, +0.009, -0.002, +0.007, +0.022] 0.91278 0.00013
chain_ones=1_hidden=0_hetero=0_scramble=0 IRM [+0.359, +0.725, +0.136, -0.637, -0.031, -0.245, +0.595, -0.444, -0.313, +0.201] 0.99487 0.15007
chain_ones=1_hidden=0_hetero=0_scramble=0 SEM [+1.000, +1.000, +1.000, +1.000, +1.000, +0.000, +0.000, +0.000, +0.000, +0.000] 0.00000 0.00000
chain_ones=1_hidden=0_hetero=0_scramble=0 ERM [+0.031, +0.051, +0.059, +0.048, +0.057, +0.015, -0.000, -0.004, -0.008, -0.008] 0.90396 0.00007
chain_ones=1_hidden=0_hetero=0_scramble=0 IRM [+0.358, +0.487, +0.517, -0.564, +0.033, -0.456, -0.060, -0.088, +0.450, +0.224] 0.85749 0.09432
chain_ones=1_hidden=0_hetero=0_scramble=0 SEM [+1.000, +1.000, +1.000, +1.000, +1.000, +0.000, +0.000, +0.000, +0.000, +0.000] 0.00000 0.00000
chain_ones=1_hidden=0_hetero=0_scramble=0 ERM [+0.025, +0.022, +0.042, +0.070, +0.057, +0.011, +0.006, +0.003, -0.000, -0.006] 0.91592 0.00004
chain_ones=1_hidden=0_hetero=0_scramble=0 IRM [+0.100, +0.184, +0.124, -0.550, +0.128, -0.153, -0.002, +0.301, +0.017, +0.278] 1.08122 0.03835
chain_ones=1_hidden=0_hetero=0_scramble=0 SEM [+1.000, +1.000, +1.000, +1.000, +1.000, +0.000, +0.000, +0.000, +0.000, +0.000] 0.00000 0.00000
chain_ones=1_hidden=0_hetero=0_scramble=0 ERM [+0.025, +0.035, +0.020, +0.023, +0.040, +0.019, +0.003, +0.010, +0.029, +0.018] 0.94376 0.00033
chain_ones=1_hidden=0_hetero=0_scramble=0 IRM [+0.590, -0.144, -0.109, +0.188, +0.409, -0.343, +0.370, +0.087, -0.193, -0.185] 0.74298 0.06683
chain_ones=1_hidden=0_hetero=0_scramble=0 SEM [+1.000, +1.000, +1.000, +1.000, +1.000, +0.000, +0.000, +0.000, +0.000, +0.000] 0.00000 0.00000
chain_ones=1_hidden=0_hetero=0_scramble=0 ERM [+0.050, +0.066, +0.040, +0.050, +0.035, -0.002, +0.003, +0.007, -0.003, +0.017] 0.90614 0.00007
chain_ones=1_hidden=0_hetero=0_scramble=0 IRM [-0.098, +0.167, -0.190, +0.037, +0.205, +0.216, +0.086, +0.326, +0.190, +0.031] 0.97485 0.03951
chain_ones=1_hidden=0_hetero=0_scramble=0 SEM [+1.000, +1.000, +1.000, +1.000, +1.000, +0.000, +0.000, +0.000, +0.000, +0.000] 0.00000 0.00000
chain_ones=1_hidden=0_hetero=0_scramble=0 ERM [+0.033, +0.065, +0.022, +0.027, +0.036, +0.007, +0.026, +0.030, +0.008, +0.015] 0.92850 0.00039
chain_ones=1_hidden=0_hetero=0_scramble=0 IRM [-0.352, +0.342, +0.503, +0.102, +0.312, +0.172, +0.330, -0.555, +0.110, -0.387] 0.75748 0.12180
chain_ones=1_hidden=0_hetero=0_scramble=0 SEM [+1.000, +1.000, +1.000, +1.000, +1.000, +0.000, +0.000, +0.000, +0.000, +0.000] 0.00000 0.00000
chain_ones=1_hidden=0_hetero=0_scramble=0 ERM [+0.046, +0.031, +0.003, +0.041, +0.024, +0.004, -0.001, +0.025, +0.007, +0.002] 0.94316 0.00014
chain_ones=1_hidden=0_hetero=0_scramble=0 IRM [-0.343, +0.609, -0.577, +0.165, -0.370, -0.146, +0.136, +0.638, +0.554, +0.137] 1.40323 0.15456
chain_ones=1_hidden=0_hetero=0_scramble=0 SEM [+1.000, +1.000, +1.000, +1.000, +1.000, +0.000, +0.000, +0.000, +0.000, +0.000] 0.00000 0.00000
chain_ones=1_hidden=0_hetero=0_scramble=0 ERM [+0.037, +0.031, +0.037, +0.033, +0.048, +0.005, +0.011, +0.027, +0.010, -0.003] 0.92698 0.00020
chain_ones=1_hidden=0_hetero=0_scramble=0 IRM [-0.207, -0.211, -0.994, -0.742, -0.613, +0.058, -0.332, +0.508, +0.187, +0.473] 2.50664 0.12608chain_ones=1_hidden=0_hetero=0_scramble=1 SEM [+1.000, +1.000, +1.000, +1.000, +1.000, +0.000, +0.000, +0.000, +0.000, +0.000] 0.00000 0.00000
chain_ones=1_hidden=0_hetero=0_scramble=1 ERM [+0.040, +0.020, +0.040, +0.048, +0.013, +0.004, +0.025, +0.012, -0.006, -0.006] 0.93723 0.00017
chain_ones=1_hidden=0_hetero=0_scramble=1 IRM [-0.768, +0.886, +0.244, -0.320, +0.050, +0.154, +0.373, -0.356, +0.263, -0.163] 1.27155 0.07692
chain_ones=1_hidden=0_hetero=0_scramble=1 SEM [+1.000, +1.000, +1.000, +1.000, +1.000, +0.000, +0.000, +0.000, +0.000, +0.000] 0.00000 0.00000
chain_ones=1_hidden=0_hetero=0_scramble=1 ERM [+0.014, +0.020, +0.021, +0.060, +0.055, +0.010, +0.020, +0.003, -0.019, -0.009] 0.93334 0.00019
chain_ones=1_hidden=0_hetero=0_scramble=1 IRM [-0.527, -0.620, -0.800, +0.118, -0.083, +0.078, -0.073, -0.306, +0.958, +0.091] 2.02989 0.20629
chain_ones=1_hidden=0_hetero=0_scramble=1 SEM [+1.000, +1.000, +1.000, +1.000, +1.000, +0.000, +0.000, +0.000, +0.000, +0.000] 0.00000 0.00000
chain_ones=1_hidden=0_hetero=0_scramble=1 ERM [+0.018, +0.025, +0.027, +0.041, +0.038, +0.008, -0.004, +0.007, +0.011, +0.004] 0.94110 0.00005
chain_ones=1_hidden=0_hetero=0_scramble=1 IRM [+0.400, -0.252, +0.469, -0.015, -0.028, -0.250, +0.362, -0.065, +0.179, -0.025] 0.85913 0.04607
chain_ones=1_hidden=0_hetero=0_scramble=1 SEM [+1.000, +1.000, +1.000, +1.000, +1.000, +0.000, +0.000, +0.000, +0.000, +0.000] 0.00000 0.00000
chain_ones=1_hidden=0_hetero=0_scramble=1 ERM [+0.045, +0.050, +0.030, +0.029, +0.038, +0.005, -0.003, +0.019, +0.005, +0.010] 0.92517 0.00011
chain_ones=1_hidden=0_hetero=0_scramble=1 IRM [-0.014, +0.061, +0.210, +0.023, -0.397, +0.233, +0.112, -0.349, +0.192, +0.160] 1.08836 0.05026
chain_ones=1_hidden=0_hetero=0_scramble=1 SEM [+1.000, +1.000, +1.000, +1.000, +1.000, +0.000, +0.000, +0.000, +0.000, +0.000] 0.00000 0.00000
chain_ones=1_hidden=0_hetero=0_scramble=1 ERM [+0.033, +0.057, +0.044, +0.043, +0.041, +0.001, -0.002, -0.023, +0.013, +0.003] 0.91471 0.00014
chain_ones=1_hidden=0_hetero=0_scramble=1 IRM [-0.411, -0.568, -0.187, +0.602, -0.184, -0.067, +0.240, -0.308, -0.360, -0.195] 1.48383 0.06501
chain_ones=1_hidden=0_hetero=0_scramble=1 SEM [+1.000, +1.000, +1.000, +1.000, +1.000, +0.000, +0.000, +0.000, +0.000, +0.000] 0.00000 0.00000
chain_ones=1_hidden=0_hetero=0_scramble=1 ERM [+0.009, +0.043, +0.048, +0.038, +0.050, +0.015, -0.014, -0.025, +0.013, -0.010] 0.92637 0.00027
chain_ones=1_hidden=0_hetero=0_scramble=1 IRM [+0.184, +0.150, +0.002, +0.409, +0.539, +0.146, +0.001, -0.008, -0.243, -0.494] 0.58880 0.06500
chain_ones=1_hidden=0_hetero=0_scramble=1 SEM [+1.000, +1.000, +1.000, +1.000, +1.000, +0.000, +0.000, +0.000, +0.000, +0.000] 0.00000 0.00000
chain_ones=1_hidden=0_hetero=0_scramble=1 ERM [+0.034, +0.008, +0.028, +0.078, +0.057, +0.007, +0.013, +0.007, -0.036, -0.023] 0.92057 0.00042
chain_ones=1_hidden=0_hetero=0_scramble=1 IRM [+0.036, -0.306, -0.265, +0.055, -0.386, -0.221, -0.412, +0.408, +0.371, -0.838] 1.40962 0.24494
chain_ones=1_hidden=0_hetero=0_scramble=1 SEM [+1.000, +1.000, +1.000, +1.000, +1.000, +0.000, +0.000, +0.000, +0.000, +0.000] 0.00000 0.00000
chain_ones=1_hidden=0_hetero=0_scramble=1 ERM [+0.006, +0.044, +0.046, +0.011, +0.037, +0.032, -0.010, +0.001, +0.015, +0.011] 0.94355 0.00029
chain_ones=1_hidden=0_hetero=0_scramble=1 IRM [-0.243, -0.436, -0.417, +0.384, -1.138, -0.415, -0.039, +0.110, -0.089, +0.564] 2.11310 0.10233
chain_ones=1_hidden=0_hetero=0_scramble=1 SEM [+1.000, +1.000, +1.000, +1.000, +1.000, +0.000, +0.000, +0.000, +0.000, +0.000] 0.00000 0.00000
chain_ones=1_hidden=0_hetero=0_scramble=1 ERM [+0.042, +0.034, +0.003, +0.004, +0.018, -0.010, +0.006, +0.040, +0.033, +0.003] 0.96009 0.00056
chain_ones=1_hidden=0_hetero=0_scramble=1 IRM [+0.369, +0.630, -0.489, +0.827, +0.804, +0.400, -0.675, -0.079, +0.370, -0.902] 0.56401 0.31438
chain_ones=1_hidden=0_hetero=0_scramble=1 SEM [+1.000, +1.000, +1.000, +1.000, +1.000, +0.000, +0.000, +0.000, +0.000, +0.000] 0.00000 0.00000
chain_ones=1_hidden=0_hetero=0_scramble=1 ERM [+0.021, +0.028, +0.038, +0.003, +0.042, +0.018, -0.003, -0.001, +0.020, -0.004] 0.94761 0.00014
chain_ones=1_hidden=0_hetero=0_scramble=1 IRM [+0.275, +0.291, +0.255, +0.030, +0.016, -0.132, -0.034, -0.031, -0.010, +0.105] 0.69855 0.00613chain_ones=1_hidden=0_hetero=1_scramble=0 SEM [+1.000, +1.000, +1.000, +1.000, +1.000, +0.000, +0.000, +0.000, +0.000, +0.000] 0.00000 0.00000
chain_ones=1_hidden=0_hetero=1_scramble=0 ERM [+0.006, +0.010, -0.018, -0.011, -0.010, +0.034, +0.043, +0.064, +0.067, +0.056] 1.00947 0.00293
chain_ones=1_hidden=0_hetero=1_scramble=0 IRM [+0.069, -0.026, +0.532, -0.124, -0.062, -0.340, -0.067, -0.074, +0.159, +0.586] 0.90578 0.09877
chain_ones=1_hidden=0_hetero=1_scramble=0 SEM [+1.000, +1.000, +1.000, +1.000, +1.000, +0.000, +0.000, +0.000, +0.000, +0.000] 0.00000 0.00000
chain_ones=1_hidden=0_hetero=1_scramble=0 ERM [+0.012, +0.007, -0.016, +0.032, -0.007, +0.021, +0.031, +0.036, +0.033, +0.056] 0.98946 0.00137
chain_ones=1_hidden=0_hetero=1_scramble=0 IRM [+0.089, -0.085, -0.341, +0.128, -0.083, -0.062, +0.003, +0.433, +0.127, +0.009] 1.14774 0.04154
chain_ones=1_hidden=0_hetero=1_scramble=0 SEM [+1.000, +1.000, +1.000, +1.000, +1.000, +0.000, +0.000, +0.000, +0.000, +0.000] 0.00000 0.00000
chain_ones=1_hidden=0_hetero=1_scramble=0 ERM [+0.021, +0.003, -0.030, +0.013, +0.007, +0.021, +0.040, +0.052, +0.026, +0.035] 0.99454 0.00133
chain_ones=1_hidden=0_hetero=1_scramble=0 IRM [-0.147, -0.451, -0.877, +0.314, -0.491, -0.036, -0.177, +0.673, -0.656, -0.198] 1.92671 0.19105
chain_ones=1_hidden=0_hetero=1_scramble=0 SEM [+1.000, +1.000, +1.000, +1.000, +1.000, +0.000, +0.000, +0.000, +0.000, +0.000] 0.00000 0.00000
chain_ones=1_hidden=0_hetero=1_scramble=0 ERM [-0.006, +0.026, -0.021, +0.011, -0.009, +0.039, +0.025, +0.057, +0.042, +0.047] 0.99973 0.00188
chain_ones=1_hidden=0_hetero=1_scramble=0 IRM [-0.555, -0.184, +0.007, +0.033, +0.954, +0.333, -0.479, -0.241, -0.704, -0.666] 1.14855 0.26725
chain_ones=1_hidden=0_hetero=1_scramble=0 SEM [+1.000, +1.000, +1.000, +1.000, +1.000, +0.000, +0.000, +0.000, +0.000, +0.000] 0.00000 0.00000
chain_ones=1_hidden=0_hetero=1_scramble=0 ERM [+0.015, +0.049, +0.028, +0.004, -0.010, +0.023, +0.027, +0.034, +0.040, +0.048] 0.96613 0.00125
chain_ones=1_hidden=0_hetero=1_scramble=0 IRM [-0.263, +1.796, +0.224, -1.122, +0.630, +0.037, +0.240, +0.103, -0.449, +0.212] 1.49395 0.06334
chain_ones=1_hidden=0_hetero=1_scramble=0 SEM [+1.000, +1.000, +1.000, +1.000, +1.000, +0.000, +0.000, +0.000, +0.000, +0.000] 0.00000 0.00000
chain_ones=1_hidden=0_hetero=1_scramble=0 ERM [+0.004, +0.003, +0.046, -0.002, +0.018, +0.038, +0.038, +0.016, +0.040, +0.033] 0.97346 0.00116
chain_ones=1_hidden=0_hetero=1_scramble=0 IRM [+0.301, -0.153, -0.293, +0.218, -0.115, +0.132, +0.083, +0.269, -0.292, -0.050] 1.06922 0.03698
chain_ones=1_hidden=0_hetero=1_scramble=0 SEM [+1.000, +1.000, +1.000, +1.000, +1.000, +0.000, +0.000, +0.000, +0.000, +0.000] 0.00000 0.00000
chain_ones=1_hidden=0_hetero=1_scramble=0 ERM [+0.033, +0.045, +0.041, -0.007, -0.026, +0.017, +0.023, +0.035, +0.041, +0.046] 0.96670 0.00118
chain_ones=1_hidden=0_hetero=1_scramble=0 IRM [-0.097, +0.122, +0.127, +0.233, +0.461, +0.207, +0.054, -0.569, +0.029, -0.352] 0.72302 0.09890
chain_ones=1_hidden=0_hetero=1_scramble=0 SEM [+1.000, +1.000, +1.000, +1.000, +1.000, +0.000, +0.000, +0.000, +0.000, +0.000] 0.00000 0.00000
chain_ones=1_hidden=0_hetero=1_scramble=0 ERM [+0.009, +0.017, +0.006, +0.014, +0.034, +0.023, +0.028, +0.041, +0.036, +0.027] 0.96829 0.00100
chain_ones=1_hidden=0_hetero=1_scramble=0 IRM [+0.029, -0.228, -0.501, -0.109, -0.256, -0.535, -0.646, -0.437, +0.488, +0.695] 1.50253 0.32314
chain_ones=1_hidden=0_hetero=1_scramble=0 SEM [+1.000, +1.000, +1.000, +1.000, +1.000, +0.000, +0.000, +0.000, +0.000, +0.000] 0.00000 0.00000
chain_ones=1_hidden=0_hetero=1_scramble=0 ERM [-0.015, +0.028, +0.006, +0.006, +0.006, +0.028, +0.019, +0.032, +0.033, +0.040] 0.98802 0.00098
chain_ones=1_hidden=0_hetero=1_scramble=0 IRM [+0.341, +0.661, -0.220, +0.041, -0.060, -0.469, -0.382, +0.046, -0.258, -0.264] 0.81625 0.10080
chain_ones=1_hidden=0_hetero=1_scramble=0 SEM [+1.000, +1.000, +1.000, +1.000, +1.000, +0.000, +0.000, +0.000, +0.000, +0.000] 0.00000 0.00000
chain_ones=1_hidden=0_hetero=1_scramble=0 ERM [+0.030, -0.013, -0.021, +0.015, -0.008, +0.034, +0.031, +0.044, +0.020, +0.037] 0.99985 0.00116
chain_ones=1_hidden=0_hetero=1_scramble=0 IRM [+0.580, -0.247, -0.382, -0.100, +0.533, -0.075, -0.456, +0.442, -0.028, -0.293] 1.01385 0.09892chain_ones=1_hidden=0_hetero=1_scramble=1 SEM [+1.000, +1.000, +1.000, +1.000, +1.000, +0.000, +0.000, +0.000, +0.000, +0.000] 0.00000 0.00000
chain_ones=1_hidden=0_hetero=1_scramble=1 ERM [+0.012, +0.014, +0.010, -0.004, +0.017, +0.018, +0.018, +0.017, +0.035, +0.020] 0.98060 0.00052
chain_ones=1_hidden=0_hetero=1_scramble=1 IRM [-0.056, +0.136, -0.227, +0.780, -0.101, -0.071, -0.190, -0.080, -0.339, -0.125] 0.92583 0.03562
chain_ones=1_hidden=0_hetero=1_scramble=1 SEM [+1.000, +1.000, +1.000, +1.000, +1.000, +0.000, +0.000, +0.000, +0.000, +0.000] 0.00000 0.00000
chain_ones=1_hidden=0_hetero=1_scramble=1 ERM [-0.002, -0.013, -0.003, -0.002, -0.005, +0.046, +0.045, +0.025, +0.049, +0.038] 1.00991 0.00172
chain_ones=1_hidden=0_hetero=1_scramble=1 IRM [-0.329, +0.088, -0.065, +0.057, +0.129, +0.313, -0.152, +0.152, -0.050, +0.011] 1.07553 0.02933
chain_ones=1_hidden=0_hetero=1_scramble=1 SEM [+1.000, +1.000, +1.000, +1.000, +1.000, +0.000, +0.000, +0.000, +0.000, +0.000] 0.00000 0.00000
chain_ones=1_hidden=0_hetero=1_scramble=1 ERM [-0.004, +0.038, +0.038, -0.023, +0.023, +0.024, +0.015, +0.018, +0.055, +0.028] 0.97210 0.00099
chain_ones=1_hidden=0_hetero=1_scramble=1 IRM [-0.014, +0.101, -0.038, +0.097, -0.082, +0.317, -0.088, +0.047, +0.149, +0.129] 0.97999 0.02991
chain_ones=1_hidden=0_hetero=1_scramble=1 SEM [+1.000, +1.000, +1.000, +1.000, +1.000, +0.000, +0.000, +0.000, +0.000, +0.000] 0.00000 0.00000
chain_ones=1_hidden=0_hetero=1_scramble=1 ERM [-0.004, +0.010, +0.016, +0.025, -0.021, +0.053, +0.013, +0.027, +0.014, +0.052] 0.98979 0.00131
chain_ones=1_hidden=0_hetero=1_scramble=1 IRM [-0.238, +0.001, +0.481, +0.151, -0.348, +0.386, -0.219, +0.286, -0.496, +0.103] 1.06757 0.10700
chain_ones=1_hidden=0_hetero=1_scramble=1 SEM [+1.000, +1.000, +1.000, +1.000, +1.000, +0.000, +0.000, +0.000, +0.000, +0.000] 0.00000 0.00000
chain_ones=1_hidden=0_hetero=1_scramble=1 ERM [+0.026, +0.039, +0.011, +0.061, +0.013, +0.030, +0.029, +0.048, +0.026, +0.061] 0.94062 0.00170
chain_ones=1_hidden=0_hetero=1_scramble=1 IRM [-0.316, -0.057, -0.499, +0.843, -0.002, +0.392, +0.216, +0.120, +0.140, -0.183] 1.22518 0.05363
chain_ones=1_hidden=0_hetero=1_scramble=1 SEM [+1.000, +1.000, +1.000, +1.000, +1.000, +0.000, +0.000, +0.000, +0.000, +0.000] 0.00000 0.00000
chain_ones=1_hidden=0_hetero=1_scramble=1 ERM [+0.020, -0.039, +0.035, -0.016, -0.002, +0.037, +0.041, +0.026, +0.055, +0.044] 1.00188 0.00173
chain_ones=1_hidden=0_hetero=1_scramble=1 IRM [+0.014, -0.143, +0.115, -0.099, -0.066, +0.131, +0.158, +0.161, +0.327, +0.218] 1.08054 0.04461
chain_ones=1_hidden=0_hetero=1_scramble=1 SEM [+1.000, +1.000, +1.000, +1.000, +1.000, +0.000, +0.000, +0.000, +0.000, +0.000] 0.00000 0.00000
chain_ones=1_hidden=0_hetero=1_scramble=1 ERM [-0.006, -0.010, +0.010, +0.014, +0.006, +0.025, +0.046, +0.029, +0.031, +0.040] 0.99444 0.00123
chain_ones=1_hidden=0_hetero=1_scramble=1 IRM [-0.352, +0.067, +0.240, +0.310, -0.029, -0.337, +0.032, +0.356, -0.474, -0.551] 0.96220 0.15398
chain_ones=1_hidden=0_hetero=1_scramble=1 SEM [+1.000, +1.000, +1.000, +1.000, +1.000, +0.000, +0.000, +0.000, +0.000, +0.000] 0.00000 0.00000
chain_ones=1_hidden=0_hetero=1_scramble=1 ERM [-0.005, -0.009, -0.008, +0.023, +0.007, +0.047, +0.046, +0.059, +0.007, +0.047] 0.99691 0.00200
chain_ones=1_hidden=0_hetero=1_scramble=1 IRM [+0.510, +0.187, -0.485, -0.454, -0.778, -0.532, -0.052, -0.520, -0.360, +0.241] 1.67674 0.14865
chain_ones=1_hidden=0_hetero=1_scramble=1 SEM [+1.000, +1.000, +1.000, +1.000, +1.000, +0.000, +0.000, +0.000, +0.000, +0.000] 0.00000 0.00000
chain_ones=1_hidden=0_hetero=1_scramble=1 ERM [+0.007, -0.001, +0.015, +0.014, +0.009, +0.046, +0.055, +0.028, +0.038, +0.047] 0.98248 0.00191
chain_ones=1_hidden=0_hetero=1_scramble=1 IRM [-0.393, +0.128, -0.141, -0.315, -0.389, +0.119, -0.028, +0.383, +0.602, +0.417] 1.53231 0.13951
chain_ones=1_hidden=0_hetero=1_scramble=1 SEM [+1.000, +1.000, +1.000, +1.000, +1.000, +0.000, +0.000, +0.000, +0.000, +0.000] 0.00000 0.00000
chain_ones=1_hidden=0_hetero=1_scramble=1 ERM [-0.027, +0.027, -0.020, -0.004, +0.033, +0.034, +0.019, +0.071, +0.052, +0.003] 0.99732 0.00185
chain_ones=1_hidden=0_hetero=1_scramble=1 IRM [-0.293, +0.178, +0.707, -0.044, -0.256, -0.202, -0.396, -0.598, -0.418, -0.410] 1.02002 0.17957chain_ones=1_hidden=1_hetero=0_scramble=0 SEM [+1.000, +1.000, +1.000, +1.000, +1.000, +0.000, +0.000, +0.000, +0.000, +0.000] 0.00000 0.00000
chain_ones=1_hidden=1_hetero=0_scramble=0 ERM [+0.125, +0.109, +0.059, +0.052, +0.066, -0.025, +0.012, +0.007, +0.010, +0.011] 0.84346 0.00021
chain_ones=1_hidden=1_hetero=0_scramble=0 IRM [+0.137, -0.242, +0.135, +0.337, -0.122, +0.093, +0.292, +0.043, -0.011, +0.359] 0.94674 0.04493
chain_ones=1_hidden=1_hetero=0_scramble=0 SEM [+1.000, +1.000, +1.000, +1.000, +1.000, +0.000, +0.000, +0.000, +0.000, +0.000] 0.00000 0.00000
chain_ones=1_hidden=1_hetero=0_scramble=0 ERM [+0.085, +0.053, +0.082, +0.004, +0.045, +0.000, -0.003, +0.000, +0.022, +0.013] 0.89633 0.00014
chain_ones=1_hidden=1_hetero=0_scramble=0 IRM [-0.584, -0.482, -0.090, +0.244, +1.141, +0.676, +0.047, -0.752, -0.266, -0.700] 1.29690 0.31718
chain_ones=1_hidden=1_hetero=0_scramble=0 SEM [+1.000, +1.000, +1.000, +1.000, +1.000, +0.000, +0.000, +0.000, +0.000, +0.000] 0.00000 0.00000
chain_ones=1_hidden=1_hetero=0_scramble=0 ERM [+0.034, +0.093, +0.009, +0.047, +0.046, +0.024, -0.003, -0.011, -0.010, +0.008] 0.91148 0.00017
chain_ones=1_hidden=1_hetero=0_scramble=0 IRM [+0.499, -0.412, +0.840, -0.187, -0.358, -0.376, +0.548, +0.055, -0.035, +0.554] 1.10466 0.15058
chain_ones=1_hidden=1_hetero=0_scramble=0 SEM [+1.000, +1.000, +1.000, +1.000, +1.000, +0.000, +0.000, +0.000, +0.000, +0.000] 0.00000 0.00000
chain_ones=1_hidden=1_hetero=0_scramble=0 ERM [+0.047, +0.102, +0.019, +0.038, +0.052, -0.001, +0.007, +0.009, +0.013, +0.018] 0.89995 0.00012
chain_ones=1_hidden=1_hetero=0_scramble=0 IRM [+0.200, +0.293, +0.179, +0.069, +0.179, -0.104, -0.027, +0.041, +0.214, +0.042] 0.67139 0.01211
chain_ones=1_hidden=1_hetero=0_scramble=0 SEM [+1.000, +1.000, +1.000, +1.000, +1.000, +0.000, +0.000, +0.000, +0.000, +0.000] 0.00000 0.00000
chain_ones=1_hidden=1_hetero=0_scramble=0 ERM [+0.077, +0.005, +0.040, +0.071, +0.078, +0.019, -0.007, +0.034, +0.016, +0.027] 0.89544 0.00051
chain_ones=1_hidden=1_hetero=0_scramble=0 IRM [+0.034, -0.145, +0.090, +0.119, +0.313, +0.121, +0.102, +0.120, +0.121, +0.037] 0.86421 0.01111
chain_ones=1_hidden=1_hetero=0_scramble=0 SEM [+1.000, +1.000, +1.000, +1.000, +1.000, +0.000, +0.000, +0.000, +0.000, +0.000] 0.00000 0.00000
chain_ones=1_hidden=1_hetero=0_scramble=0 ERM [+0.003, +0.065, +0.067, +0.075, +0.068, +0.027, -0.002, -0.006, +0.009, +0.009] 0.89259 0.00019
chain_ones=1_hidden=1_hetero=0_scramble=0 IRM [+0.249, -0.001, +0.046, +0.230, -0.341, +0.036, +0.248, -0.152, +0.300, +0.423] 0.97305 0.07090
chain_ones=1_hidden=1_hetero=0_scramble=0 SEM [+1.000, +1.000, +1.000, +1.000, +1.000, +0.000, +0.000, +0.000, +0.000, +0.000] 0.00000 0.00000
chain_ones=1_hidden=1_hetero=0_scramble=0 ERM [+0.048, +0.047, +0.088, +0.035, +0.070, +0.005, +0.008, -0.006, -0.005, +0.013] 0.88823 0.00007
chain_ones=1_hidden=1_hetero=0_scramble=0 IRM [-0.086, +0.129, -0.485, -0.440, +0.155, -0.068, +0.136, +0.289, -0.037, -0.059] 1.38632 0.02225
chain_ones=1_hidden=1_hetero=0_scramble=0 SEM [+1.000, +1.000, +1.000, +1.000, +1.000, +0.000, +0.000, +0.000, +0.000, +0.000] 0.00000 0.00000
chain_ones=1_hidden=1_hetero=0_scramble=0 ERM [+0.043, +0.052, +0.094, +0.026, +0.040, -0.000, +0.021, -0.002, +0.009, +0.002] 0.90092 0.00011
chain_ones=1_hidden=1_hetero=0_scramble=0 IRM [+0.116, +0.030, -0.080, +0.141, -0.190, -0.029, +0.079, +0.258, -0.004, +0.202] 1.00858 0.02286
chain_ones=1_hidden=1_hetero=0_scramble=0 SEM [+1.000, +1.000, +1.000, +1.000, +1.000, +0.000, +0.000, +0.000, +0.000, +0.000] 0.00000 0.00000
chain_ones=1_hidden=1_hetero=0_scramble=0 ERM [+0.030, +0.046, +0.058, +0.085, +0.038, +0.005, -0.009, -0.013, -0.008, -0.002] 0.90050 0.00007
chain_ones=1_hidden=1_hetero=0_scramble=0 IRM [-0.140, -0.099, +0.629, -0.111, -0.206, -0.085, +0.004, -0.173, +0.359, +0.130] 1.06642 0.03656
chain_ones=1_hidden=1_hetero=0_scramble=0 SEM [+1.000, +1.000, +1.000, +1.000, +1.000, +0.000, +0.000, +0.000, +0.000, +0.000] 0.00000 0.00000
chain_ones=1_hidden=1_hetero=0_scramble=0 ERM [+0.068, +0.028, +0.074, +0.056, +0.012, +0.003, +0.030, +0.002, +0.021, +0.002] 0.90798 0.00027
chain_ones=1_hidden=1_hetero=0_scramble=0 IRM [-0.128, +0.686, -0.190, -0.082, +0.167, +0.170, -0.058, +0.375, -0.182, -0.334] 0.93067 0.06357chain_ones=1_hidden=1_hetero=0_scramble=1 SEM [+1.000, +1.000, +1.000, +1.000, +1.000, +0.000, +0.000, +0.000, +0.000, +0.000] 0.00000 0.00000
chain_ones=1_hidden=1_hetero=0_scramble=1 ERM [+0.037, +0.059, +0.054, +0.058, +0.035, +0.006, -0.004, -0.001, -0.002, -0.004] 0.90546 0.00001
chain_ones=1_hidden=1_hetero=0_scramble=1 IRM [+0.141, +0.013, +0.199, +0.127, +0.063, +0.032, +0.201, -0.000, +0.130, +0.135] 0.79869 0.01535
chain_ones=1_hidden=1_hetero=0_scramble=1 SEM [+1.000, +1.000, +1.000, +1.000, +1.000, +0.000, +0.000, +0.000, +0.000, +0.000] 0.00000 0.00000
chain_ones=1_hidden=1_hetero=0_scramble=1 ERM [+0.023, +0.056, +0.059, +0.026, +0.013, +0.002, +0.011, +0.004, +0.001, +0.004] 0.93078 0.00003
chain_ones=1_hidden=1_hetero=0_scramble=1 IRM [-0.125, +0.404, +0.209, -0.308, -0.531, +0.196, -0.158, -0.260, +0.021, +0.127] 1.26053 0.02955
chain_ones=1_hidden=1_hetero=0_scramble=1 SEM [+1.000, +1.000, +1.000, +1.000, +1.000, +0.000, +0.000, +0.000, +0.000, +0.000] 0.00000 0.00000
chain_ones=1_hidden=1_hetero=0_scramble=1 ERM [+0.017, +0.016, +0.060, +0.025, +0.061, +0.017, +0.009, -0.001, +0.028, +0.014] 0.93046 0.00027
chain_ones=1_hidden=1_hetero=0_scramble=1 IRM [+0.075, +0.059, +0.264, +0.188, +0.049, +0.020, +0.081, -0.004, +0.031, +0.191] 0.76902 0.00891
chain_ones=1_hidden=1_hetero=0_scramble=1 SEM [+1.000, +1.000, +1.000, +1.000, +1.000, +0.000, +0.000, +0.000, +0.000, +0.000] 0.00000 0.00000
chain_ones=1_hidden=1_hetero=0_scramble=1 ERM [+0.018, +0.038, +0.010, +0.064, +0.039, +0.009, +0.019, +0.020, -0.013, -0.015] 0.93432 0.00024
chain_ones=1_hidden=1_hetero=0_scramble=1 IRM [+0.314, -0.110, -0.179, +0.256, +0.150, -0.340, -0.060, +0.232, +0.262, +0.157] 0.87354 0.05324
chain_ones=1_hidden=1_hetero=0_scramble=1 SEM [+1.000, +1.000, +1.000, +1.000, +1.000, +0.000, +0.000, +0.000, +0.000, +0.000] 0.00000 0.00000
chain_ones=1_hidden=1_hetero=0_scramble=1 ERM [+0.046, +0.028, +0.038, +0.098, +0.046, +0.034, +0.056, -0.009, -0.012, +0.018] 0.90068 0.00097
chain_ones=1_hidden=1_hetero=0_scramble=1 IRM [+0.554, -0.644, -0.329, +0.089, -0.326, -0.346, +0.257, +0.291, +0.288, +0.106] 1.45080 0.07286
chain_ones=1_hidden=1_hetero=0_scramble=1 SEM [+1.000, +1.000, +1.000, +1.000, +1.000, +0.000, +0.000, +0.000, +0.000, +0.000] 0.00000 0.00000
chain_ones=1_hidden=1_hetero=0_scramble=1 ERM [+0.026, +0.043, +0.016, +0.042, +0.049, +0.010, +0.003, +0.027, +0.002, +0.002] 0.93113 0.00017
chain_ones=1_hidden=1_hetero=0_scramble=1 IRM [+0.001, +0.218, -0.046, +0.341, +0.403, +0.115, -0.032, +0.061, -0.010, -0.149] 0.69860 0.00804
chain_ones=1_hidden=1_hetero=0_scramble=1 SEM [+1.000, +1.000, +1.000, +1.000, +1.000, +0.000, +0.000, +0.000, +0.000, +0.000] 0.00000 0.00000
chain_ones=1_hidden=1_hetero=0_scramble=1 ERM [+0.071, +0.019, +0.066, +0.043, +0.050, +0.007, +0.016, -0.008, +0.005, -0.022] 0.90327 0.00018
chain_ones=1_hidden=1_hetero=0_scramble=1 IRM [+0.162, -0.263, +0.220, +0.531, -0.133, -0.198, +0.273, -0.219, -0.576, -0.263] 0.88179 0.11253
chain_ones=1_hidden=1_hetero=0_scramble=1 SEM [+1.000, +1.000, +1.000, +1.000, +1.000, +0.000, +0.000, +0.000, +0.000, +0.000] 0.00000 0.00000
chain_ones=1_hidden=1_hetero=0_scramble=1 ERM [+0.034, +0.058, +0.077, +0.042, +0.107, +0.030, +0.002, +0.003, +0.029, +0.006] 0.87758 0.00036
chain_ones=1_hidden=1_hetero=0_scramble=1 IRM [+0.064, -0.622, -0.130, +0.611, -0.398, +0.040, +0.073, -0.081, +0.102, +0.315] 1.37792 0.02463
chain_ones=1_hidden=1_hetero=0_scramble=1 SEM [+1.000, +1.000, +1.000, +1.000, +1.000, +0.000, +0.000, +0.000, +0.000, +0.000] 0.00000 0.00000
chain_ones=1_hidden=1_hetero=0_scramble=1 ERM [+0.064, +0.069, +0.079, +0.066, +0.053, -0.011, +0.012, -0.015, -0.005, +0.018] 0.87203 0.00017
chain_ones=1_hidden=1_hetero=0_scramble=1 IRM [-0.029, +0.426, +0.530, +0.229, -0.517, -0.434, -0.569, -0.597, -0.048, +0.026] 0.90111 0.17437
chain_ones=1_hidden=1_hetero=0_scramble=1 SEM [+1.000, +1.000, +1.000, +1.000, +1.000, +0.000, +0.000, +0.000, +0.000, +0.000] 0.00000 0.00000
chain_ones=1_hidden=1_hetero=0_scramble=1 ERM [+0.071, +0.042, +0.054, +0.021, +0.077, +0.016, +0.019, +0.006, +0.025, -0.006] 0.89739 0.00026
chain_ones=1_hidden=1_hetero=0_scramble=1 IRM [+0.428, +0.096, -0.586, -0.021, -0.081, -0.007, +0.098, +0.395, +0.396, -0.187] 1.17416 0.07156chain_ones=1_hidden=1_hetero=1_scramble=0 SEM [+1.000, +1.000, +1.000, +1.000, +1.000, +0.000, +0.000, +0.000, +0.000, +0.000] 0.00000 0.00000
chain_ones=1_hidden=1_hetero=1_scramble=0 ERM [-0.017, +0.036, +0.050, -0.016, -0.020, +0.052, +0.009, +0.015, +0.022, +0.037] 0.98812 0.00098
chain_ones=1_hidden=1_hetero=1_scramble=0 IRM [+0.253, -0.460, -0.087, -0.572, +0.621, -0.218, +0.701, -0.814, -0.329, +0.282] 1.29728 0.27812
chain_ones=1_hidden=1_hetero=1_scramble=0 SEM [+1.000, +1.000, +1.000, +1.000, +1.000, +0.000, +0.000, +0.000, +0.000, +0.000] 0.00000 0.00000
chain_ones=1_hidden=1_hetero=1_scramble=0 ERM [+0.020, -0.041, +0.052, +0.015, -0.012, +0.037, +0.076, +0.012, +0.027, +0.059] 0.98742 0.00230
chain_ones=1_hidden=1_hetero=1_scramble=0 IRM [+0.076, +0.733, -0.395, +0.321, +0.321, -0.135, -0.220, +0.176, -0.385, +0.253] 0.75862 0.06188
chain_ones=1_hidden=1_hetero=1_scramble=0 SEM [+1.000, +1.000, +1.000, +1.000, +1.000, +0.000, +0.000, +0.000, +0.000, +0.000] 0.00000 0.00000
chain_ones=1_hidden=1_hetero=1_scramble=0 ERM [+0.042, -0.003, +0.022, +0.009, +0.024, +0.031, +0.033, +0.035, +0.047, +0.034] 0.96290 0.00132
chain_ones=1_hidden=1_hetero=1_scramble=0 IRM [-0.102, +0.348, +0.184, +0.185, +0.653, +0.272, -0.041, +0.194, +0.243, -0.102] 0.61785 0.03655
chain_ones=1_hidden=1_hetero=1_scramble=0 SEM [+1.000, +1.000, +1.000, +1.000, +1.000, +0.000, +0.000, +0.000, +0.000, +0.000] 0.00000 0.00000
chain_ones=1_hidden=1_hetero=1_scramble=0 ERM [+0.032, -0.074, +0.030, -0.017, +0.025, +0.031, +0.049, +0.045, +0.067, +0.047] 1.00309 0.00242
chain_ones=1_hidden=1_hetero=1_scramble=0 IRM [+0.020, +0.033, -0.355, +0.336, -0.229, -0.164, -0.285, +0.232, -0.669, -0.235] 1.13656 0.13293
chain_ones=1_hidden=1_hetero=1_scramble=0 SEM [+1.000, +1.000, +1.000, +1.000, +1.000, +0.000, +0.000, +0.000, +0.000, +0.000] 0.00000 0.00000
chain_ones=1_hidden=1_hetero=1_scramble=0 ERM [-0.000, +0.030, -0.003, -0.012, -0.001, +0.058, +0.026, +0.051, +0.049, +0.034] 0.99475 0.00205
chain_ones=1_hidden=1_hetero=1_scramble=0 IRM [-0.237, +0.276, -0.022, +0.488, -0.052, +0.119, -0.078, +0.070, -0.134, +0.230] 0.89321 0.01918
chain_ones=1_hidden=1_hetero=1_scramble=0 SEM [+1.000, +1.000, +1.000, +1.000, +1.000, +0.000, +0.000, +0.000, +0.000, +0.000] 0.00000 0.00000
chain_ones=1_hidden=1_hetero=1_scramble=0 ERM [+0.005, +0.030, +0.018, +0.015, +0.002, +0.033, +0.026, +0.028, +0.023, +0.028] 0.97225 0.00077
chain_ones=1_hidden=1_hetero=1_scramble=0 IRM [-0.316, +0.084, -0.456, -0.055, +0.083, -0.354, -0.094, +0.241, -0.150, -0.011] 1.32809 0.04287
chain_ones=1_hidden=1_hetero=1_scramble=0 SEM [+1.000, +1.000, +1.000, +1.000, +1.000, +0.000, +0.000, +0.000, +0.000, +0.000] 0.00000 0.00000
chain_ones=1_hidden=1_hetero=1_scramble=0 ERM [+0.021, +0.008, -0.002, +0.036, +0.020, +0.029, +0.018, +0.036, +0.037, +0.045] 0.96729 0.00116
chain_ones=1_hidden=1_hetero=1_scramble=0 IRM [+0.145, +0.030, -0.331, -0.149, +0.112, -0.098, +0.022, +0.317, +0.171, +0.183] 1.11058 0.03455
chain_ones=1_hidden=1_hetero=1_scramble=0 SEM [+1.000, +1.000, +1.000, +1.000, +1.000, +0.000, +0.000, +0.000, +0.000, +0.000] 0.00000 0.00000
chain_ones=1_hidden=1_hetero=1_scramble=0 ERM [-0.000, -0.007, +0.002, +0.011, -0.006, +0.030, +0.047, +0.029, +0.029, +0.052] 1.00014 0.00150
chain_ones=1_hidden=1_hetero=1_scramble=0 IRM [+0.029, +0.420, +0.203, +0.397, +0.543, -0.593, -0.277, +0.579, +0.654, -0.819] 0.49715 0.37218
chain_ones=1_hidden=1_hetero=1_scramble=0 SEM [+1.000, +1.000, +1.000, +1.000, +1.000, +0.000, +0.000, +0.000, +0.000, +0.000] 0.00000 0.00000
chain_ones=1_hidden=1_hetero=1_scramble=0 ERM [-0.020, -0.015, +0.029, +0.025, -0.030, +0.041, +0.038, +0.033, +0.047, +0.036] 1.00551 0.00156
chain_ones=1_hidden=1_hetero=1_scramble=0 IRM [+0.222, +0.031, +0.093, +0.031, +0.565, -0.080, +0.151, -0.007, -0.024, -0.002] 0.69929 0.00599
chain_ones=1_hidden=1_hetero=1_scramble=0 SEM [+1.000, +1.000, +1.000, +1.000, +1.000, +0.000, +0.000, +0.000, +0.000, +0.000] 0.00000 0.00000
chain_ones=1_hidden=1_hetero=1_scramble=0 ERM [-0.002, -0.020, +0.043, +0.032, -0.011, +0.032, +0.076, +0.026, +0.059, +0.049] 0.98371 0.00268
chain_ones=1_hidden=1_hetero=1_scramble=0 IRM [-0.504, -0.552, -0.200, +0.066, -0.749, -0.178, -0.584, +0.411, +0.303, -0.170] 2.00843 0.13249chain_ones=1_hidden=1_hetero=1_scramble=1 SEM [+1.000, +1.000, +1.000, +1.000, +1.000, +0.000, +0.000, +0.000, +0.000, +0.000] 0.00000 0.00000
chain_ones=1_hidden=1_hetero=1_scramble=1 ERM [-0.021, -0.008, -0.006, -0.000, +0.017, +0.038, +0.031, +0.053, +0.038, +0.044] 1.00761 0.00171
chain_ones=1_hidden=1_hetero=1_scramble=1 IRM [+0.100, -0.517, -0.093, +0.125, -0.853, +0.109, +0.263, -0.128, +0.036, +0.174] 1.70168 0.02587
chain_ones=1_hidden=1_hetero=1_scramble=1 SEM [+1.000, +1.000, +1.000, +1.000, +1.000, +0.000, +0.000, +0.000, +0.000, +0.000] 0.00000 0.00000
chain_ones=1_hidden=1_hetero=1_scramble=1 ERM [+0.042, +0.057, +0.037, +0.018, -0.026, +0.031, +0.054, +0.029, +0.045, +0.063] 0.95032 0.00215
chain_ones=1_hidden=1_hetero=1_scramble=1 IRM [-0.631, +0.142, -0.083, +0.177, -0.129, +0.284, +0.042, -0.272, +0.458, +0.333] 1.30394 0.09540
chain_ones=1_hidden=1_hetero=1_scramble=1 SEM [+1.000, +1.000, +1.000, +1.000, +1.000, +0.000, +0.000, +0.000, +0.000, +0.000] 0.00000 0.00000
chain_ones=1_hidden=1_hetero=1_scramble=1 ERM [+0.025, +0.015, +0.068, -0.031, -0.039, +0.071, +0.075, +0.048, +0.064, +0.089] 0.98584 0.00499
chain_ones=1_hidden=1_hetero=1_scramble=1 IRM [+0.402, -0.162, +0.250, -0.109, -0.152, +0.082, +0.228, +0.051, +0.319, +0.261] 0.96559 0.04616
chain_ones=1_hidden=1_hetero=1_scramble=1 SEM [+1.000, +1.000, +1.000, +1.000, +1.000, +0.000, +0.000, +0.000, +0.000, +0.000] 0.00000 0.00000
chain_ones=1_hidden=1_hetero=1_scramble=1 ERM [+0.016, +0.003, -0.017, +0.051, +0.060, +0.043, +0.046, +0.035, +0.023, +0.006] 0.95568 0.00115
chain_ones=1_hidden=1_hetero=1_scramble=1 IRM [+0.246, +0.098, +0.053, -0.144, -0.130, -0.224, +0.097, +0.395, -0.273, +0.230] 0.97288 0.06859
chain_ones=1_hidden=1_hetero=1_scramble=1 SEM [+1.000, +1.000, +1.000, +1.000, +1.000, +0.000, +0.000, +0.000, +0.000, +0.000] 0.00000 0.00000
chain_ones=1_hidden=1_hetero=1_scramble=1 ERM [+0.018, +0.021, +0.007, +0.045, +0.033, +0.038, +0.044, +0.011, +0.037, +0.040] 0.95149 0.00130
chain_ones=1_hidden=1_hetero=1_scramble=1 IRM [-0.025, +0.412, -0.036, -0.592, +0.266, -0.076, -0.143, +0.199, +0.431, -0.133] 1.10857 0.05398
chain_ones=1_hidden=1_hetero=1_scramble=1 SEM [+1.000, +1.000, +1.000, +1.000, +1.000, +0.000, +0.000, +0.000, +0.000, +0.000] 0.00000 0.00000
chain_ones=1_hidden=1_hetero=1_scramble=1 ERM [+0.041, -0.004, -0.016, +0.036, +0.051, +0.016, +0.055, +0.033, +0.039, +0.022] 0.95834 0.00128
chain_ones=1_hidden=1_hetero=1_scramble=1 IRM [-0.417, -0.849, -0.445, -0.017, -0.490, -0.024, +0.633, -0.003, -0.184, +0.041] 2.15371 0.08727
chain_ones=1_hidden=1_hetero=1_scramble=1 SEM [+1.000, +1.000, +1.000, +1.000, +1.000, +0.000, +0.000, +0.000, +0.000, +0.000] 0.00000 0.00000
chain_ones=1_hidden=1_hetero=1_scramble=1 ERM [-0.003, +0.031, +0.028, -0.016, -0.005, +0.059, +0.061, +0.043, +0.036, +0.049] 0.98592 0.00257
chain_ones=1_hidden=1_hetero=1_scramble=1 IRM [-0.011, +0.184, -0.072, +0.122, -0.168, +0.205, +0.183, +0.260, +0.068, +0.289] 0.99438 0.04622
chain_ones=1_hidden=1_hetero=1_scramble=1 SEM [+1.000, +1.000, +1.000, +1.000, +1.000, +0.000, +0.000, +0.000, +0.000, +0.000] 0.00000 0.00000
chain_ones=1_hidden=1_hetero=1_scramble=1 ERM [+0.008, -0.013, +0.019, +0.004, -0.012, +0.044, +0.083, +0.047, +0.036, +0.071] 0.99806 0.00349
chain_ones=1_hidden=1_hetero=1_scramble=1 IRM [+0.146, +0.103, +0.250, -0.044, +0.142, +0.114, +0.046, +0.101, +0.170, +0.032] 0.78452 0.01103
chain_ones=1_hidden=1_hetero=1_scramble=1 SEM [+1.000, +1.000, +1.000, +1.000, +1.000, +0.000, +0.000, +0.000, +0.000, +0.000] 0.00000 0.00000
chain_ones=1_hidden=1_hetero=1_scramble=1 ERM [+0.026, +0.016, -0.014, +0.001, +0.022, +0.044, +0.035, +0.081, +0.019, +0.042] 0.97991 0.00236
chain_ones=1_hidden=1_hetero=1_scramble=1 IRM [+0.120, +0.131, +0.068, -0.123, +0.097, +0.105, +0.024, +0.137, +0.273, +0.300] 0.89477 0.03888
chain_ones=1_hidden=1_hetero=1_scramble=1 SEM [+1.000, +1.000, +1.000, +1.000, +1.000, +0.000, +0.000, +0.000, +0.000, +0.000] 0.00000 0.00000
chain_ones=1_hidden=1_hetero=1_scramble=1 ERM [+0.014, -0.007, -0.023, +0.006, +0.010, +0.031, +0.060, +0.069, +0.060, +0.029] 1.00058 0.00276
chain_ones=1_hidden=1_hetero=1_scramble=1 IRM [-0.023, +0.423, +0.015, +0.029, -0.134, -0.125, +0.201, +0.299, -0.009, +0.129] 0.91578 0.03248