chain_ones=0_hidden=1_hetero=1_scramble=1 SEM [-0.211, -0.157, +0.261, +0.259, -0.305, +0.000, +0.000, +0.000, +0.000, +0.000] 0.00000 0.00000
chain_ones=0_hidden=1_hetero=1_scramble=1 ERM [+0.094, -1.356, -0.633, -1.575, +0.358, +7.564, -2.599, +3.252, +0.770, +1.996] 1.22685 15.82413
chain_ones=0_hidden=1_hetero=1_scramble=1 IRM [+0.652, -0.350, -0.379, -1.168, +0.550, +0.464, +0.655, -0.741, -0.120, -1.079] 0.79235 0.47433
chain_ones=0_hidden=1_hetero=1_scramble=1 SEM [-0.294, +0.238, -0.024, +0.201, +0.160, +0.000, +0.000, +0.000, +0.000, +0.000] 0.00000 0.00000
chain_ones=0_hidden=1_hetero=1_scramble=1 ERM [+0.226, -0.305, +0.221, -0.682, -0.413, -0.486, -0.096, +2.660, -2.083, -0.366] 0.34656 2.35886
chain_ones=0_hidden=1_hetero=1_scramble=1 IRM [+0.617, -0.856, -0.042, -0.135, -0.677, -0.748, +0.020, +0.576, -0.580, +1.688] 0.56809 0.81537
chain_ones=0_hidden=1_hetero=1_scramble=1 SEM [-0.461, -0.084, -0.165, +0.087, -0.119, +0.000, +0.000, +0.000, +0.000, +0.000] 0.00000 0.00000
chain_ones=0_hidden=1_hetero=1_scramble=1 ERM [-0.730, -0.606, -0.525, +1.433, -0.615, -0.641, -1.496, -3.641, +1.409, +2.256] 0.50672 4.59616
chain_ones=0_hidden=1_hetero=1_scramble=1 IRM [-0.504, -0.634, -0.250, -0.783, -0.360, +0.185, +1.392, -0.026, +0.334, -0.051] 0.22562 0.41721
chain_ones=0_hidden=1_hetero=1_scramble=1 SEM [+0.138, -0.269, +0.088, -0.376, +0.114, +0.000, +0.000, +0.000, +0.000, +0.000] 0.00000 0.00000
chain_ones=0_hidden=1_hetero=1_scramble=1 ERM [-0.424, -0.143, +0.681, -1.978, +1.021, -5.093, +3.750, -0.220, -1.775, -3.351] 0.81422 10.88432
chain_ones=0_hidden=1_hetero=1_scramble=1 IRM [-0.173, -0.873, +0.642, -0.762, -0.366, -0.677, -0.743, +0.875, -1.102, +1.043] 0.22953 0.81551
chain_ones=0_hidden=1_hetero=1_scramble=1 SEM [+0.424, +0.197, +0.316, -0.078, +0.081, +0.000, +0.000, +0.000, +0.000, +0.000] 0.00000 0.00000
chain_ones=0_hidden=1_hetero=1_scramble=1 ERM [+6.185, -6.832, -0.061, +0.190, +2.220, +8.206, +3.552, +2.104, -1.060, -15.422] 17.47734 64.66682
chain_ones=0_hidden=1_hetero=1_scramble=1 IRM [-0.907, -0.320, +0.955, -0.121, -0.073, -0.123, -1.466, -0.417, -0.594, +1.466] 0.49480 0.96784
chain_ones=0_hidden=1_hetero=1_scramble=1 SEM [+0.208, -0.032, +0.339, +0.043, +0.033, +0.000, +0.000, +0.000, +0.000, +0.000] 0.00000 0.00000
chain_ones=0_hidden=1_hetero=1_scramble=1 ERM [-2.306, -1.705, -2.061, -0.471, -2.813, -5.419, +12.030, +10.212, -11.194, -3.940] 4.64823 83.84038
chain_ones=0_hidden=1_hetero=1_scramble=1 IRM [-1.079, +0.146, +0.496, -0.170, -0.530, -0.294, -0.577, +1.066, +1.147, -0.409] 0.41529 0.60780
chain_ones=0_hidden=1_hetero=1_scramble=1 SEM [+0.421, +0.074, +0.055, +0.335, +0.211, +0.000, +0.000, +0.000, +0.000, +0.000] 0.00000 0.00000
chain_ones=0_hidden=1_hetero=1_scramble=1 ERM [+9.400, -3.487, -4.670, -0.735, +3.118, +1.766, -6.364, +10.646, +17.721, +5.353] 25.04448 99.93204
chain_ones=0_hidden=1_hetero=1_scramble=1 IRM [+1.046, +0.383, +0.301, +0.693, +0.136, -0.082, +1.708, +0.860, +0.707, +0.994] 0.13617 1.03045
chain_ones=0_hidden=1_hetero=1_scramble=1 SEM [-0.104, -0.213, +0.016, +0.161, +0.028, +0.000, +0.000, +0.000, +0.000, +0.000] 0.00000 0.00000
chain_ones=0_hidden=1_hetero=1_scramble=1 ERM [+1.982, -0.711, -2.145, +0.741, -0.063, -3.158, -2.975, -0.088, +3.355, +0.633] 1.92308 6.09717
chain_ones=0_hidden=1_hetero=1_scramble=1 IRM [+0.241, +0.540, +0.793, +0.166, -0.895, -1.076, -1.653, +1.132, -1.336, +0.081] 0.42803 1.39241
chain_ones=0_hidden=1_hetero=1_scramble=1 SEM [-0.170, +0.147, -0.199, +0.007, -0.138, +0.000, +0.000, +0.000, +0.000, +0.000] 0.00000 0.00000
chain_ones=0_hidden=1_hetero=1_scramble=1 ERM [-0.286, -0.697, -0.050, -0.292, +0.392, -2.063, -0.102, +3.414, -0.622, +0.543] 0.22386 3.32060
chain_ones=0_hidden=1_hetero=1_scramble=1 IRM [-0.302, +0.662, -0.699, -0.750, +0.471, -0.790, +0.377, +0.574, -0.949, -0.146] 0.29542 0.40354
chain_ones=0_hidden=1_hetero=1_scramble=1 SEM [-0.015, -0.354, +0.181, +0.283, -0.223, +0.000, +0.000, +0.000, +0.000, +0.000] 0.00000 0.00000
chain_ones=0_hidden=1_hetero=1_scramble=1 ERM [-0.571, +0.199, +0.543, +1.320, -1.001, +1.038, +0.662, +1.674, -1.019, +3.344] 0.48525 3.30848
chain_ones=0_hidden=1_hetero=1_scramble=1 IRM [-0.341, -0.342, -0.895, +0.238, -1.196, -1.029, +0.697, +1.662, +0.284, -0.428] 0.44250 0.91438chain_ones=0_hidden=1_hetero=1_scramble=0 SEM [-0.211, -0.157, +0.261, +0.259, -0.305, +0.000, +0.000, +0.000, +0.000, +0.000] 0.00000 0.00000
chain_ones=0_hidden=1_hetero=1_scramble=0 ERM [-1.390, -1.092, -6.598, +2.176, -0.795, +14.047, -0.280, +6.401, -2.365, +4.989] 10.64392 53.77155
chain_ones=0_hidden=1_hetero=1_scramble=0 IRM [+0.373, -0.139, +1.030, +0.748, -0.224, +0.652, +0.631, -0.370, +1.145, +1.335] 0.23572 0.81067
chain_ones=0_hidden=1_hetero=1_scramble=0 SEM [+0.681, +0.043, +0.008, +0.183, +0.391, +0.000, +0.000, +0.000, +0.000, +0.000] 0.00000 0.00000
chain_ones=0_hidden=1_hetero=1_scramble=0 ERM [+6.502, -8.423, +1.071, -3.561, +6.076, -10.125, -14.085, +19.774, +7.949, +26.050] 30.60991 286.73273
chain_ones=0_hidden=1_hetero=1_scramble=0 IRM [+1.038, +1.262, +0.891, +1.036, +1.093, +1.065, +0.926, +1.074, +1.229, +0.816] 0.72264 1.06452
chain_ones=0_hidden=1_hetero=1_scramble=0 SEM [+0.232, +0.244, +0.268, -0.029, +0.157, +0.000, +0.000, +0.000, +0.000, +0.000] 0.00000 0.00000
chain_ones=0_hidden=1_hetero=1_scramble=0 ERM [+1.920, +0.330, -1.243, -0.782, +0.035, -2.021, -4.126, +0.124, -1.464, +0.057] 1.14431 4.65420
chain_ones=0_hidden=1_hetero=1_scramble=0 IRM [+0.965, +0.991, +0.972, +1.245, +0.962, +0.861, +0.778, +0.803, +0.724, +1.032] 0.77248 0.71605
chain_ones=0_hidden=1_hetero=1_scramble=0 SEM [-0.036, +0.352, +0.182, +0.066, +0.189, +0.000, +0.000, +0.000, +0.000, +0.000] 0.00000 0.00000
chain_ones=0_hidden=1_hetero=1_scramble=0 ERM [-1.074, +1.258, +0.253, +0.057, +0.888, +3.030, -1.125, -1.019, +2.688, -2.473] 0.47837 4.96511
chain_ones=0_hidden=1_hetero=1_scramble=0 IRM [+0.667, +0.697, +0.689, +0.681, +0.675, +0.673, +0.666, +1.310, +0.691, +1.238] 0.29700 0.92473
chain_ones=0_hidden=1_hetero=1_scramble=0 SEM [-0.016, +0.279, +0.522, +0.369, -0.337, +0.000, +0.000, +0.000, +0.000, +0.000] 0.00000 0.00000
chain_ones=0_hidden=1_hetero=1_scramble=0 ERM [+1.416, -0.769, +1.421, +2.759, +0.571, -2.945, +5.352, -2.852, +5.137, -3.529] 2.09919 16.85851
chain_ones=0_hidden=1_hetero=1_scramble=0 IRM [+1.130, +0.603, +0.432, +1.408, +0.659, +1.049, +0.841, +0.710, +1.365, +0.271] 0.69966 0.84948
chain_ones=0_hidden=1_hetero=1_scramble=0 SEM [+0.211, +0.319, +0.217, +0.036, +0.166, +0.000, +0.000, +0.000, +0.000, +0.000] 0.00000 0.00000
chain_ones=0_hidden=1_hetero=1_scramble=0 ERM [+0.544, +1.173, +1.153, +0.208, +0.260, +2.535, +2.960, -2.933, +2.589, +1.627] 0.35118 6.62817
chain_ones=0_hidden=1_hetero=1_scramble=0 IRM [+0.697, +0.820, +0.715, +0.641, +0.709, +0.757, +0.690, +0.713, +0.767, +1.008] 0.27945 0.63284
chain_ones=0_hidden=1_hetero=1_scramble=0 SEM [-0.001, -0.047, -0.082, +0.124, +0.100, +0.000, +0.000, +0.000, +0.000, +0.000] 0.00000 0.00000
chain_ones=0_hidden=1_hetero=1_scramble=0 ERM [-1.508, -0.268, -1.610, -0.045, +0.579, -2.536, +3.621, +3.181, -4.005, +0.769] 0.98262 9.25746
chain_ones=0_hidden=1_hetero=1_scramble=0 IRM [+0.372, +0.840, +1.156, -0.083, +0.893, +0.471, +0.853, +1.974, +0.252, +0.746] 0.62603 1.09324
chain_ones=0_hidden=1_hetero=1_scramble=0 SEM [+0.194, +0.247, +0.146, +0.047, -0.122, +0.000, +0.000, +0.000, +0.000, +0.000] 0.00000 0.00000
chain_ones=0_hidden=1_hetero=1_scramble=0 ERM [+0.223, +0.560, -0.330, +0.106, -0.353, +3.508, -3.522, -3.411, +4.512, -0.553] 0.07637 11.40216
chain_ones=0_hidden=1_hetero=1_scramble=0 IRM [+1.048, +0.444, +0.979, +0.766, +0.629, +1.318, +1.160, +1.063, +0.726, +1.440] 0.50855 1.36290
chain_ones=0_hidden=1_hetero=1_scramble=0 SEM [-0.234, -0.210, +0.256, -0.020, -0.283, +0.000, +0.000, +0.000, +0.000, +0.000] 0.00000 0.00000
chain_ones=0_hidden=1_hetero=1_scramble=0 ERM [-0.258, -0.581, +0.144, -1.916, -1.873, -1.091, -1.231, +1.018, +7.377, +0.073] 1.25438 11.63358
chain_ones=0_hidden=1_hetero=1_scramble=0 IRM [+0.012, +0.784, +0.867, +0.974, +0.919, +0.890, +0.477, +0.819, +0.806, +0.267] 0.77087 0.48228
chain_ones=0_hidden=1_hetero=1_scramble=0 SEM [-0.606, -0.070, -0.144, -0.195, -0.231, +0.000, +0.000, +0.000, +0.000, +0.000] 0.00000 0.00000
chain_ones=0_hidden=1_hetero=1_scramble=0 ERM [-0.451, -1.824, -1.010, -3.273, -0.930, +2.039, +2.065, +4.795, -3.832, +4.930] 2.76305 14.07989
chain_ones=0_hidden=1_hetero=1_scramble=0 IRM [+0.467, +0.604, +0.737, +0.772, +0.659, -0.600, +0.904, +1.058, +0.612, +0.687] 0.82149 0.62906chain_ones=0_hidden=1_hetero=0_scramble=1 SEM [-0.211, -0.157, +0.261, +0.259, -0.305, +0.000, +0.000, +0.000, +0.000, +0.000] 0.00000 0.00000
chain_ones=0_hidden=1_hetero=0_scramble=1 ERM [-0.651, -0.361, +0.278, +0.783, -1.190, -0.468, +0.204, +0.703, -0.333, +0.628] 0.25835 0.25192
chain_ones=0_hidden=1_hetero=0_scramble=1 IRM [+1.098, +0.127, -0.385, -1.245, +1.250, +0.855, +0.174, -0.568, -0.391, -0.990] 1.37898 0.44325
chain_ones=0_hidden=1_hetero=0_scramble=1 SEM [-0.076, +0.436, -0.112, +0.095, -0.221, +0.000, +0.000, +0.000, +0.000, +0.000] 0.00000 0.00000
chain_ones=0_hidden=1_hetero=0_scramble=1 ERM [-0.236, +0.264, -0.032, +0.051, -0.204, +0.121, +0.053, -0.179, +0.320, +0.011] 0.01283 0.03034
chain_ones=0_hidden=1_hetero=0_scramble=1 IRM [-0.814, -0.037, -1.560, +0.718, +0.849, -0.779, -0.012, +0.138, +0.384, -0.223] 0.87915 0.16448
chain_ones=0_hidden=1_hetero=0_scramble=1 SEM [+0.085, -0.346, +0.205, +0.365, -0.398, +0.000, +0.000, +0.000, +0.000, +0.000] 0.00000 0.00000
chain_ones=0_hidden=1_hetero=0_scramble=1 ERM [+0.253, -0.338, +0.054, +0.480, -0.259, +0.054, +0.120, -0.185, +0.219, -0.194] 0.01673 0.02744
chain_ones=0_hidden=1_hetero=0_scramble=1 IRM [-0.889, +0.192, -1.002, -0.238, -0.007, -0.573, -0.708, -0.743, +0.050, +0.826] 0.64304 0.41323
chain_ones=0_hidden=1_hetero=0_scramble=1 SEM [+0.152, +0.080, +0.204, -0.223, -0.059, +0.000, +0.000, +0.000, +0.000, +0.000] 0.00000 0.00000
chain_ones=0_hidden=1_hetero=0_scramble=1 ERM [+0.088, +0.163, +0.135, -0.279, +0.008, -0.065, -0.204, -0.305, -0.148, -0.158] 0.00468 0.03711
chain_ones=0_hidden=1_hetero=0_scramble=1 IRM [+0.863, -0.459, +0.280, -0.303, -0.515, -0.206, -0.498, +1.643, -0.302, -0.452] 0.20341 0.65691
chain_ones=0_hidden=1_hetero=0_scramble=1 SEM [-0.078, -0.197, -0.312, -0.411, -0.049, +0.000, +0.000, +0.000, +0.000, +0.000] 0.00000 0.00000
chain_ones=0_hidden=1_hetero=0_scramble=1 ERM [-0.059, +0.192, -0.126, -0.808, -0.158, +0.102, -0.114, +0.325, +0.303, -0.066] 0.07109 0.04513
chain_ones=0_hidden=1_hetero=0_scramble=1 IRM [+0.679, +0.494, +0.019, -0.273, -0.494, -1.228, -0.698, -1.345, +1.262, +0.281] 0.27548 1.09528
chain_ones=0_hidden=1_hetero=0_scramble=1 SEM [-0.418, -0.107, +0.013, +0.008, -0.217, +0.000, +0.000, +0.000, +0.000, +0.000] 0.00000 0.00000
chain_ones=0_hidden=1_hetero=0_scramble=1 ERM [-0.352, -0.161, -0.122, +0.031, -0.254, +0.118, +0.084, -0.170, -0.141, +0.077] 0.00547 0.01513
chain_ones=0_hidden=1_hetero=0_scramble=1 IRM [-0.937, -0.836, -0.139, +0.074, -0.601, +1.056, -0.402, -0.219, +0.821, -0.349] 0.19512 0.42409
chain_ones=0_hidden=1_hetero=0_scramble=1 SEM [-0.307, +0.209, -0.117, -0.102, +0.150, +0.000, +0.000, +0.000, +0.000, +0.000] 0.00000 0.00000
chain_ones=0_hidden=1_hetero=0_scramble=1 ERM [-0.110, +0.106, -0.302, -0.206, +0.085, +0.097, -0.046, +0.025, +0.021, +0.150] 0.01970 0.00699
chain_ones=0_hidden=1_hetero=0_scramble=1 IRM [+1.173, -0.658, -0.718, +0.336, -0.628, +0.921, +0.329, +0.241, +0.765, -0.881] 0.81924 0.47543
chain_ones=0_hidden=1_hetero=0_scramble=1 SEM [-0.132, -0.064, -0.441, -0.067, +0.340, +0.000, +0.000, +0.000, +0.000, +0.000] 0.00000 0.00000
chain_ones=0_hidden=1_hetero=0_scramble=1 ERM [+0.110, +0.149, +0.016, -1.819, +1.202, -1.738, -0.749, +0.020, +2.043, +2.272] 0.82534 2.58397
chain_ones=0_hidden=1_hetero=0_scramble=1 IRM [+0.430, +0.037, -0.463, -1.493, -1.065, -0.120, -1.767, -0.202, -0.800, +0.394] 0.86702 0.79470
chain_ones=0_hidden=1_hetero=0_scramble=1 SEM [-0.296, -0.051, -0.041, -0.075, +0.115, +0.000, +0.000, +0.000, +0.000, +0.000] 0.00000 0.00000
chain_ones=0_hidden=1_hetero=0_scramble=1 ERM [-0.556, -0.262, +0.095, -0.422, +0.049, +0.081, -0.020, +0.314, -0.349, -0.220] 0.05102 0.05512
chain_ones=0_hidden=1_hetero=0_scramble=1 IRM [-1.524, -0.152, -0.652, +0.346, -0.215, -0.052, +1.588, -1.184, -0.056, -0.172] 0.43552 0.79174
chain_ones=0_hidden=1_hetero=0_scramble=1 SEM [-0.107, +0.341, -0.326, -0.079, +0.517, +0.000, +0.000, +0.000, +0.000, +0.000] 0.00000 0.00000
chain_ones=0_hidden=1_hetero=0_scramble=1 ERM [+0.087, +0.082, -0.387, -0.088, +0.398, +0.151, +0.426, -0.617, +0.542, +0.332] 0.02453 0.19793
chain_ones=0_hidden=1_hetero=0_scramble=1 IRM [+0.486, -1.276, +0.914, +0.993, +0.951, +0.406, -0.228, -0.387, -0.641, +0.774] 1.16835 0.27538chain_ones=0_hidden=1_hetero=0_scramble=0 SEM [-0.211, -0.157, +0.261, +0.259, -0.305, +0.000, +0.000, +0.000, +0.000, +0.000] 0.00000 0.00000
chain_ones=0_hidden=1_hetero=0_scramble=0 ERM [-0.480, +0.008, +0.455, +0.509, -0.035, +0.321, -0.085, +0.116, -0.119, -0.003] 0.05456 0.02757
chain_ones=0_hidden=1_hetero=0_scramble=0 IRM [+0.616, +0.655, +0.593, +0.543, +0.608, +0.646, +0.634, +0.672, +1.261, +0.661] 0.47425 0.65959
chain_ones=0_hidden=1_hetero=0_scramble=0 SEM [+0.319, +0.305, -0.222, +0.327, +0.110, +0.000, +0.000, +0.000, +0.000, +0.000] 0.00000 0.00000
chain_ones=0_hidden=1_hetero=0_scramble=0 ERM [+0.361, +0.227, -0.101, +0.218, +0.152, +0.016, +0.287, +0.083, -0.165, +0.172] 0.00726 0.02930
chain_ones=0_hidden=1_hetero=0_scramble=0 IRM [+0.722, +1.040, +0.829, +1.043, +0.629, +0.791, +0.473, +0.528, +0.578, +0.637] 0.51792 0.37378
chain_ones=0_hidden=1_hetero=0_scramble=0 SEM [+0.002, +0.034, +0.064, +0.195, -0.166, +0.000, +0.000, +0.000, +0.000, +0.000] 0.00000 0.00000
chain_ones=0_hidden=1_hetero=0_scramble=0 ERM [-0.044, +0.180, +0.195, +0.372, -0.117, +0.043, +0.053, -0.145, +0.104, +0.079] 0.01485 0.00858
chain_ones=0_hidden=1_hetero=0_scramble=0 IRM [+0.694, +0.698, +0.726, +1.286, +0.692, +0.695, +0.693, +0.601, +1.286, +0.277] 0.65674 0.61112
chain_ones=0_hidden=1_hetero=0_scramble=0 SEM [+0.101, +0.513, +0.054, -0.034, +0.306, +0.000, +0.000, +0.000, +0.000, +0.000] 0.00000 0.00000
chain_ones=0_hidden=1_hetero=0_scramble=0 ERM [-0.361, +2.468, +0.397, -0.048, +0.723, +0.425, +1.138, -0.668, +0.433, -0.407] 0.86485 0.45512
chain_ones=0_hidden=1_hetero=0_scramble=0 IRM [+0.657, +0.612, +0.700, +0.657, +0.581, +0.257, +0.657, +0.649, +0.665, +1.330] 0.25774 0.62608
chain_ones=0_hidden=1_hetero=0_scramble=0 SEM [+0.087, -0.104, -0.100, -0.043, -0.011, +0.000, +0.000, +0.000, +0.000, +0.000] 0.00000 0.00000
chain_ones=0_hidden=1_hetero=0_scramble=0 ERM [+0.164, +0.034, -0.164, -0.121, -0.285, -0.031, -0.132, -0.050, +0.034, +0.088] 0.02213 0.00598
chain_ones=0_hidden=1_hetero=0_scramble=0 IRM [+0.619, +0.616, +0.693, +0.917, +0.768, +0.695, +0.682, +0.608, +0.363, +1.047] 0.59201 0.50942
chain_ones=0_hidden=1_hetero=0_scramble=0 SEM [+0.027, +0.032, +0.151, -0.129, +0.373, +0.000, +0.000, +0.000, +0.000, +0.000] 0.00000 0.00000
chain_ones=0_hidden=1_hetero=0_scramble=0 ERM [+0.267, -0.379, +0.289, +0.411, +0.764, -0.639, -0.062, -0.120, +0.152, +0.094] 0.13791 0.09161
chain_ones=0_hidden=1_hetero=0_scramble=0 IRM [+0.635, +0.658, +1.167, +1.319, +0.598, +0.563, +0.658, +0.598, +0.529, +0.484] 0.78773 0.32423
chain_ones=0_hidden=1_hetero=0_scramble=0 SEM [-0.076, +0.059, -0.139, -0.259, -0.339, +0.000, +0.000, +0.000, +0.000, +0.000] 0.00000 0.00000
chain_ones=0_hidden=1_hetero=0_scramble=0 ERM [-0.004, -0.049, -0.251, -0.092, -0.442, +0.148, +0.042, -0.123, +0.066, +0.013] 0.01355 0.00862
chain_ones=0_hidden=1_hetero=0_scramble=0 IRM [+0.827, +0.564, +0.956, +0.542, +0.646, +0.600, +0.632, +0.693, +0.978, +0.620] 0.77597 0.51586
chain_ones=0_hidden=1_hetero=0_scramble=0 SEM [+0.017, -0.237, +0.093, -0.240, -0.151, +0.000, +0.000, +0.000, +0.000, +0.000] 0.00000 0.00000
chain_ones=0_hidden=1_hetero=0_scramble=0 ERM [+0.105, -0.266, +0.190, -0.128, -0.165, +0.082, -0.134, +0.065, +0.012, +0.257] 0.00611 0.01905
chain_ones=0_hidden=1_hetero=0_scramble=0 IRM [+0.586, +0.476, +0.677, +0.705, +1.147, +0.482, +0.547, +0.898, +0.821, +0.726] 0.74976 0.50797
chain_ones=0_hidden=1_hetero=0_scramble=0 SEM [-0.163, -0.048, -0.136, +0.075, +0.093, +0.000, +0.000, +0.000, +0.000, +0.000] 0.00000 0.00000
chain_ones=0_hidden=1_hetero=0_scramble=0 ERM [-0.195, +0.022, -0.159, +0.132, -0.028, -0.110, +0.069, +0.110, +0.030, +0.062] 0.00488 0.00673
chain_ones=0_hidden=1_hetero=0_scramble=0 IRM [+0.685, +0.759, +0.318, +0.768, +1.118, +0.714, +1.023, +0.731, +0.204, +0.708] 0.62175 0.52699
chain_ones=0_hidden=1_hetero=0_scramble=0 SEM [+0.223, +0.277, -0.160, +0.256, -0.292, +0.000, +0.000, +0.000, +0.000, +0.000] 0.00000 0.00000
chain_ones=0_hidden=1_hetero=0_scramble=0 ERM [+0.233, +0.447, +0.195, +0.528, -1.392, +1.381, -1.538, -0.075, +0.571, +1.402] 0.28766 1.31417
chain_ones=0_hidden=1_hetero=0_scramble=0 IRM [+0.689, +0.942, +0.662, +0.694, +0.702, +0.677, +1.298, +0.668, +0.655, +0.629] 0.50332 0.68274chain_ones=0_hidden=0_hetero=1_scramble=0 SEM [-0.211, -0.157, +0.261, +0.259, -0.305, +0.000, +0.000, +0.000, +0.000, +0.000] 0.00000 0.00000
chain_ones=0_hidden=0_hetero=1_scramble=0 ERM [+0.140, -0.264, -0.358, +0.238, -0.311, +2.766, +1.873, +0.909, -0.985, +0.659] 0.10366 2.67820
chain_ones=0_hidden=0_hetero=1_scramble=0 IRM [+0.758, +0.698, +0.732, +0.743, +1.145, +0.790, +0.622, +0.893, +2.416, +0.742] 0.84679 1.63964
chain_ones=0_hidden=0_hetero=1_scramble=0 SEM [-0.202, +0.209, +0.264, +0.084, +0.023, +0.000, +0.000, +0.000, +0.000, +0.000] 0.00000 0.00000
chain_ones=0_hidden=0_hetero=1_scramble=0 ERM [+0.218, +1.651, +1.575, +1.633, +2.011, +7.738, +7.346, -0.756, -0.203, -1.241] 2.06584 23.19735
chain_ones=0_hidden=0_hetero=1_scramble=0 IRM [+0.609, +0.624, +0.574, +0.618, +0.823, +0.590, +0.660, +0.554, +0.729, +0.586] 0.37064 0.39327
chain_ones=0_hidden=0_hetero=1_scramble=0 SEM [+0.183, +0.291, +0.233, +0.048, -0.021, +0.000, +0.000, +0.000, +0.000, +0.000] 0.00000 0.00000
chain_ones=0_hidden=0_hetero=1_scramble=0 ERM [+0.287, +0.412, -0.877, +0.126, +0.215, +2.770, +1.399, +0.554, -3.742, +1.685] 0.26364 5.35690
chain_ones=0_hidden=0_hetero=1_scramble=0 IRM [+0.898, +0.539, +0.953, +0.456, +0.254, -0.016, -0.975, +1.299, +0.449, +0.665] 0.26701 0.65619
chain_ones=0_hidden=0_hetero=1_scramble=0 SEM [-0.278, -0.010, +0.016, +0.346, +0.157, +0.000, +0.000, +0.000, +0.000, +0.000] 0.00000 0.00000
chain_ones=0_hidden=0_hetero=1_scramble=0 ERM [-0.764, +0.045, -0.285, -0.325, +1.276, +0.642, -1.523, -5.107, -2.718, +0.931] 0.40638 7.41409
chain_ones=0_hidden=0_hetero=1_scramble=0 IRM [+1.274, +0.713, +0.698, +0.709, +0.688, +0.688, +0.737, +1.264, +0.718, +0.664] 0.76171 0.71425
chain_ones=0_hidden=0_hetero=1_scramble=0 SEM [-0.004, +0.310, -0.121, -0.053, +0.462, +0.000, +0.000, +0.000, +0.000, +0.000] 0.00000 0.00000
chain_ones=0_hidden=0_hetero=1_scramble=0 ERM [+0.517, +0.122, +0.432, +0.896, +0.167, -8.398, +12.399, +2.538, -0.708, +3.450] 0.32009 48.62134
chain_ones=0_hidden=0_hetero=1_scramble=0 IRM [+0.699, +0.639, +0.679, +0.687, +1.212, +0.677, +0.731, +0.676, +0.692, +0.528] 0.47022 0.44132
chain_ones=0_hidden=0_hetero=1_scramble=0 SEM [+0.167, +0.124, -0.151, +0.004, -0.122, +0.000, +0.000, +0.000, +0.000, +0.000] 0.00000 0.00000
chain_ones=0_hidden=0_hetero=1_scramble=0 ERM [+0.452, -0.337, +0.407, -0.203, -0.131, -1.813, -0.840, -1.014, +1.518, +0.104] 0.12972 1.46681
chain_ones=0_hidden=0_hetero=1_scramble=0 IRM [+0.705, +0.721, +0.700, +0.666, +0.698, +0.811, +1.237, +0.734, +0.745, +1.268] 0.49630 0.97745
chain_ones=0_hidden=0_hetero=1_scramble=0 SEM [-0.024, +0.032, -0.136, +0.110, +0.065, +0.000, +0.000, +0.000, +0.000, +0.000] 0.00000 0.00000
chain_ones=0_hidden=0_hetero=1_scramble=0 ERM [+0.204, -0.061, +0.002, +0.113, +0.067, +0.578, -0.484, +0.722, +0.748, +0.284] 0.01598 0.34571
chain_ones=0_hidden=0_hetero=1_scramble=0 IRM [+1.070, +0.670, +0.557, +0.707, +0.661, +0.624, +1.364, +0.721, +0.648, +0.645] 0.56005 0.72115
chain_ones=0_hidden=0_hetero=1_scramble=0 SEM [+0.116, -0.040, +0.027, +0.012, +0.101, +0.000, +0.000, +0.000, +0.000, +0.000] 0.00000 0.00000
chain_ones=0_hidden=0_hetero=1_scramble=0 ERM [+0.209, +0.757, +0.761, +0.253, +0.692, +1.206, -0.390, +5.007, -0.004, -2.852] 0.31805 6.96269
chain_ones=0_hidden=0_hetero=1_scramble=0 IRM [+0.299, +0.296, +0.520, +0.825, +0.224, +0.591, +0.518, +1.370, +0.574, +1.235] 0.21288 0.86960
chain_ones=0_hidden=0_hetero=1_scramble=0 SEM [-0.018, -0.250, +0.242, -0.010, +0.253, +0.000, +0.000, +0.000, +0.000, +0.000] 0.00000 0.00000
chain_ones=0_hidden=0_hetero=1_scramble=0 ERM [-0.507, -0.557, -1.318, +0.028, +0.443, +0.939, +0.836, +1.596, +0.405, +0.686] 0.56055 0.95223
chain_ones=0_hidden=0_hetero=1_scramble=0 IRM [+0.588, +0.604, +0.700, +1.094, +0.670, +0.631, +0.623, +0.550, +1.347, +0.675] 0.53973 0.67198
chain_ones=0_hidden=0_hetero=1_scramble=0 SEM [-0.121, -0.121, -0.230, -0.174, -0.065, +0.000, +0.000, +0.000, +0.000, +0.000] 0.00000 0.00000
chain_ones=0_hidden=0_hetero=1_scramble=0 ERM [+0.040, +0.253, -0.185, -0.078, -0.019, +0.640, +0.623, -0.128, +0.995, +0.231] 0.03579 0.37113
chain_ones=0_hidden=0_hetero=1_scramble=0 IRM [+0.691, +0.692, +0.808, +0.673, +0.697, +1.282, +0.720, +0.698, +0.643, +1.576] 0.73874 1.10916chain_ones=0_hidden=0_hetero=0_scramble=1 SEM [-0.211, -0.157, +0.261, +0.259, -0.305, +0.000, +0.000, +0.000, +0.000, +0.000] 0.00000 0.00000
chain_ones=0_hidden=0_hetero=0_scramble=1 ERM [-0.037, -0.202, +0.113, +0.210, -0.201, -0.072, +0.069, +0.046, -0.011, +0.122] 0.01347 0.00541
chain_ones=0_hidden=0_hetero=0_scramble=1 IRM [+0.619, +0.289, -0.348, -1.148, +1.228, +0.251, +0.615, -0.623, -0.383, -1.246] 1.11827 0.50585
chain_ones=0_hidden=0_hetero=0_scramble=1 SEM [+0.027, +0.210, +0.015, +0.295, -0.661, +0.000, +0.000, +0.000, +0.000, +0.000] 0.00000 0.00000
chain_ones=0_hidden=0_hetero=0_scramble=1 ERM [+0.144, +0.132, +0.053, +0.437, -0.376, +0.309, -0.160, +0.035, +0.116, -0.195] 0.02461 0.03472
chain_ones=0_hidden=0_hetero=0_scramble=1 IRM [-0.428, -0.413, +0.141, -0.318, +0.491, -0.994, -1.477, -0.004, -0.984, +0.195] 0.46330 0.83490
chain_ones=0_hidden=0_hetero=0_scramble=1 SEM [-0.231, -0.090, -0.039, +0.132, +0.203, +0.000, +0.000, +0.000, +0.000, +0.000] 0.00000 0.00000
chain_ones=0_hidden=0_hetero=0_scramble=1 ERM [-0.211, -0.004, -0.013, +0.095, +0.168, -0.004, +0.090, +0.075, -0.054, +0.132] 0.00222 0.00684
chain_ones=0_hidden=0_hetero=0_scramble=1 IRM [+0.191, -0.326, +1.679, +0.792, +0.597, +0.183, +0.388, +0.472, +1.262, +0.588] 0.75524 0.46886
chain_ones=0_hidden=0_hetero=0_scramble=1 SEM [+0.265, +0.091, +0.050, +0.304, -0.034, +0.000, +0.000, +0.000, +0.000, +0.000] 0.00000 0.00000
chain_ones=0_hidden=0_hetero=0_scramble=1 ERM [+0.130, +0.106, +0.045, +0.193, -0.034, +0.002, -0.029, -0.033, +0.012, -0.050] 0.00617 0.00092
chain_ones=0_hidden=0_hetero=0_scramble=1 IRM [+0.152, +0.835, -0.441, -0.779, -0.625, +0.146, +0.163, -1.534, -0.094, -0.362] 0.46585 0.50792
chain_ones=0_hidden=0_hetero=0_scramble=1 SEM [-0.201, +0.385, +0.046, +0.410, -0.347, +0.000, +0.000, +0.000, +0.000, +0.000] 0.00000 0.00000
chain_ones=0_hidden=0_hetero=0_scramble=1 ERM [-0.120, +0.242, +0.079, +0.315, -0.098, +0.182, +0.079, +0.210, +0.101, -0.093] 0.01978 0.02052
chain_ones=0_hidden=0_hetero=0_scramble=1 IRM [-0.376, -0.452, -0.516, +1.122, +0.529, +0.247, -0.496, +0.142, +0.827, +1.198] 0.46407 0.48942
chain_ones=0_hidden=0_hetero=0_scramble=1 SEM [-0.076, -0.502, -0.138, -0.384, +0.210, +0.000, +0.000, +0.000, +0.000, +0.000] 0.00000 0.00000
chain_ones=0_hidden=0_hetero=0_scramble=1 ERM [-0.024, -0.253, -0.023, -0.411, +0.301, +0.115, +0.007, -0.024, -0.034, -0.079] 0.01729 0.00424
chain_ones=0_hidden=0_hetero=0_scramble=1 IRM [-0.594, -1.042, +0.069, -0.286, -1.180, +0.099, +1.324, -1.292, -0.370, +0.850] 0.50910 0.85826
chain_ones=0_hidden=0_hetero=0_scramble=1 SEM [-0.323, -0.157, -0.119, +0.180, -0.044, +0.000, +0.000, +0.000, +0.000, +0.000] 0.00000 0.00000
chain_ones=0_hidden=0_hetero=0_scramble=1 ERM [-0.290, -0.097, -0.101, +0.059, -0.209, +0.014, +0.009, -0.019, +0.028, -0.130] 0.00933 0.00367
chain_ones=0_hidden=0_hetero=0_scramble=1 IRM [-0.903, +0.257, -0.200, -0.195, +1.388, -1.160, -0.432, -0.895, -0.045, +0.481] 0.54157 0.51321
chain_ones=0_hidden=0_hetero=0_scramble=1 SEM [-0.044, -0.130, -0.347, -0.287, +0.278, +0.000, +0.000, +0.000, +0.000, +0.000] 0.00000 0.00000
chain_ones=0_hidden=0_hetero=0_scramble=1 ERM [-0.116, -0.048, -0.477, -0.327, +0.313, +0.008, -0.344, +0.228, +0.285, -0.166] 0.00634 0.05591
chain_ones=0_hidden=0_hetero=0_scramble=1 IRM [-0.911, +0.142, -0.307, -0.823, +0.227, -0.730, -0.060, +0.271, +0.163, +1.645] 0.22360 0.66844
chain_ones=0_hidden=0_hetero=0_scramble=1 SEM [-0.354, -0.353, -0.312, -0.393, -0.053, +0.000, +0.000, +0.000, +0.000, +0.000] 0.00000 0.00000
chain_ones=0_hidden=0_hetero=0_scramble=1 ERM [-0.286, -0.435, -0.425, -0.126, +0.044, +0.028, -0.141, +0.067, -0.011, +0.717] 0.02100 0.10773
chain_ones=0_hidden=0_hetero=0_scramble=1 IRM [-0.053, -0.532, -0.547, +1.075, +0.263, +0.082, +1.634, -1.031, -0.076, -1.631] 0.48657 1.28084
chain_ones=0_hidden=0_hetero=0_scramble=1 SEM [-0.093, +0.116, -0.042, -0.341, -0.449, +0.000, +0.000, +0.000, +0.000, +0.000] 0.00000 0.00000
chain_ones=0_hidden=0_hetero=0_scramble=1 ERM [-0.081, +0.113, -0.054, -0.246, -0.436, +0.057, +0.007, +0.029, -0.038, -0.174] 0.00191 0.00715
chain_ones=0_hidden=0_hetero=0_scramble=1 IRM [-0.305, -0.454, +0.257, +0.777, +0.470, +1.517, -0.863, -0.877, +1.171, -1.190] 0.51097 1.32072chain_ones=0_hidden=0_hetero=0_scramble=0 SEM [-0.211, -0.157, +0.261, +0.259, -0.305, +0.000, +0.000, +0.000, +0.000, +0.000] 0.00000 0.00000
chain_ones=0_hidden=0_hetero=0_scramble=0 ERM [-0.173, -0.033, +0.275, +0.132, -0.209, -0.080, +0.133, -0.038, -0.026, +0.116] 0.00853 0.00787
chain_ones=0_hidden=0_hetero=0_scramble=0 IRM [+1.143, +0.764, +1.107, +0.787, +0.840, +0.743, +0.545, +0.804, +0.765, +0.761] 0.99849 0.53216
chain_ones=0_hidden=0_hetero=0_scramble=0 SEM [-0.088, +0.045, +0.433, +0.093, -0.260, +0.000, +0.000, +0.000, +0.000, +0.000] 0.00000 0.00000
chain_ones=0_hidden=0_hetero=0_scramble=0 ERM [-0.079, +0.071, +0.358, +0.074, -0.166, +0.041, +0.108, +0.101, +0.034, +0.267] 0.00310 0.01920
chain_ones=0_hidden=0_hetero=0_scramble=0 IRM [+0.697, +0.709, +0.784, +0.731, +1.208, +0.720, +0.755, +0.712, +0.730, +0.768] 0.74823 0.54389
chain_ones=0_hidden=0_hetero=0_scramble=0 SEM [+0.232, +0.244, +0.268, -0.029, +0.157, +0.000, +0.000, +0.000, +0.000, +0.000] 0.00000 0.00000
chain_ones=0_hidden=0_hetero=0_scramble=0 ERM [+0.069, +0.153, +0.179, -0.302, +0.091, +0.248, +0.129, +0.033, -0.258, +0.139] 0.02438 0.03302
chain_ones=0_hidden=0_hetero=0_scramble=0 IRM [+1.165, +0.702, +0.786, +0.761, +1.137, +0.379, +1.255, +0.850, +1.125, +0.781] 0.58637 0.86311
chain_ones=0_hidden=0_hetero=0_scramble=0 SEM [+0.087, +0.003, +0.095, +0.012, -0.111, +0.000, +0.000, +0.000, +0.000, +0.000] 0.00000 0.00000
chain_ones=0_hidden=0_hetero=0_scramble=0 ERM [+0.124, +0.070, +0.021, +0.009, -0.138, +0.155, +0.255, +0.160, -0.027, +0.011] 0.00244 0.02308
chain_ones=0_hidden=0_hetero=0_scramble=0 IRM [+0.613, +0.370, +0.738, +0.468, +0.632, +0.703, +0.672, +0.969, +0.616, +0.489] 0.31683 0.50059
chain_ones=0_hidden=0_hetero=0_scramble=0 SEM [+0.027, +0.068, +0.278, -0.330, +0.072, +0.000, +0.000, +0.000, +0.000, +0.000] 0.00000 0.00000
chain_ones=0_hidden=0_hetero=0_scramble=0 ERM [-0.164, +0.016, +0.148, -0.282, +0.088, -0.161, +0.204, +0.086, -0.107, +0.178] 0.01170 0.02367
chain_ones=0_hidden=0_hetero=0_scramble=0 IRM [+0.653, +0.658, +0.658, +0.656, +0.660, +0.657, +0.613, +0.659, +0.655, +0.660] 0.44073 0.42120
chain_ones=0_hidden=0_hetero=0_scramble=0 SEM [-0.246, +0.033, -0.188, -0.087, -0.455, +0.000, +0.000, +0.000, +0.000, +0.000] 0.00000 0.00000
chain_ones=0_hidden=0_hetero=0_scramble=0 ERM [-0.215, +0.058, -0.107, -0.095, -0.314, -0.112, +0.056, +0.302, +0.001, -0.069] 0.00563 0.02232
chain_ones=0_hidden=0_hetero=0_scramble=0 IRM [+0.726, +0.696, +0.617, +1.078, +0.870, +0.686, +1.217, +0.685, +0.750, +0.691] 1.02884 0.69207
chain_ones=0_hidden=0_hetero=0_scramble=0 SEM [+0.039, -0.026, -0.324, -0.047, -0.090, +0.000, +0.000, +0.000, +0.000, +0.000] 0.00000 0.00000
chain_ones=0_hidden=0_hetero=0_scramble=0 ERM [+0.061, +0.130, -0.335, +0.099, -0.160, -0.246, +0.242, -0.135, -0.138, -0.141] 0.01024 0.03522
chain_ones=0_hidden=0_hetero=0_scramble=0 IRM [+0.667, +0.806, +0.551, +0.638, +0.530, +1.016, +0.671, +0.602, +0.678, +1.176] 0.54131 0.73709
chain_ones=0_hidden=0_hetero=0_scramble=0 SEM [+0.025, -0.197, -0.482, -0.170, +0.306, +0.000, +0.000, +0.000, +0.000, +0.000] 0.00000 0.00000
chain_ones=0_hidden=0_hetero=0_scramble=0 ERM [+0.159, -0.146, -0.439, -0.100, +0.314, +0.025, +0.075, -0.240, -0.189, -0.227] 0.00545 0.03017
chain_ones=0_hidden=0_hetero=0_scramble=0 IRM [+0.777, +1.213, +0.779, +0.778, +0.779, +1.173, +1.221, +0.777, +0.815, +0.779] 1.05347 0.94875
chain_ones=0_hidden=0_hetero=0_scramble=0 SEM [-0.000, +0.241, -0.083, -0.004, -0.349, +0.000, +0.000, +0.000, +0.000, +0.000] 0.00000 0.00000
chain_ones=0_hidden=0_hetero=0_scramble=0 ERM [-0.075, +0.076, -0.057, +0.052, -0.355, -0.072, -0.145, -0.007, +0.048, -0.095] 0.00736 0.00753
chain_ones=0_hidden=0_hetero=0_scramble=0 IRM [+0.916, +0.755, +1.009, +0.652, +0.679, +0.853, +1.004, +1.052, +0.968, +0.771] 0.75644 0.87503
chain_ones=0_hidden=0_hetero=0_scramble=0 SEM [-0.004, -0.059, -0.125, -0.157, -0.238, +0.000, +0.000, +0.000, +0.000, +0.000] 0.00000 0.00000
chain_ones=0_hidden=0_hetero=0_scramble=0 ERM [+0.010, -0.044, -0.162, -0.053, -0.139, +0.179, +0.183, +0.012, -0.101, +0.009] 0.00450 0.01515
chain_ones=0_hidden=0_hetero=0_scramble=0 IRM [+0.682, +0.698, +0.625, +0.703, +0.699, +1.262, +0.702, +0.704, +0.794, +0.700] 0.64512 0.74057chain_ones=0_hidden=0_hetero=1_scramble=1 SEM [-0.211, -0.157, +0.261, +0.259, -0.305, +0.000, +0.000, +0.000, +0.000, +0.000] 0.00000 0.00000
chain_ones=0_hidden=0_hetero=1_scramble=1 ERM [+0.469, +0.286, +0.066, -0.317, +0.491, +1.929, +6.826, +8.084, -4.804, +0.124] 0.33272 27.75329
chain_ones=0_hidden=0_hetero=1_scramble=1 IRM [+0.073, -0.983, +0.247, -0.592, -0.410, +0.903, -1.635, -0.121, -0.119, -0.896] 0.29954 0.86419
chain_ones=0_hidden=0_hetero=1_scramble=1 SEM [+0.104, -0.381, -0.148, -0.596, -0.044, +0.000, +0.000, +0.000, +0.000, +0.000] 0.00000 0.00000
chain_ones=0_hidden=0_hetero=1_scramble=1 ERM [+0.284, -0.338, -0.773, -0.351, +0.787, -2.322, -1.459, -3.808, -3.672, +3.057] 0.23527 8.96812
chain_ones=0_hidden=0_hetero=1_scramble=1 IRM [-0.964, +0.143, -0.115, +0.742, -0.376, -0.853, -1.581, +0.704, -0.078, +0.993] 0.66345 0.94341
chain_ones=0_hidden=0_hetero=1_scramble=1 SEM [+0.005, -0.379, +0.092, -0.242, +0.148, +0.000, +0.000, +0.000, +0.000, +0.000] 0.00000 0.00000
chain_ones=0_hidden=0_hetero=1_scramble=1 ERM [+0.331, +1.383, +0.817, -0.285, -1.222, -5.859, +2.960, +5.699, +2.223, +3.720] 1.12351 18.87086
chain_ones=0_hidden=0_hetero=1_scramble=1 IRM [-1.052, +0.421, -0.283, +0.811, +0.237, -0.358, -1.090, -0.349, -1.273, -0.183] 0.60285 0.61863
chain_ones=0_hidden=0_hetero=1_scramble=1 SEM [-0.166, -0.238, -0.014, -0.086, -0.049, +0.000, +0.000, +0.000, +0.000, +0.000] 0.00000 0.00000
chain_ones=0_hidden=0_hetero=1_scramble=1 ERM [-1.270, -0.745, -0.611, -1.062, -0.812, -2.238, +0.871, +6.728, +7.935, -0.536] 0.67352 22.85555
chain_ones=0_hidden=0_hetero=1_scramble=1 IRM [+0.076, -0.509, -1.014, -1.195, +0.173, -0.001, -0.226, -0.437, -0.376, -1.485] 0.48202 0.51752
chain_ones=0_hidden=0_hetero=1_scramble=1 SEM [+0.047, +0.053, -0.083, +0.061, -0.158, +0.000, +0.000, +0.000, +0.000, +0.000] 0.00000 0.00000
chain_ones=0_hidden=0_hetero=1_scramble=1 ERM [-0.808, +0.255, +0.373, +1.135, +0.329, -3.594, -4.956, -4.561, +3.479, +0.222] 0.47432 14.08701
chain_ones=0_hidden=0_hetero=1_scramble=1 IRM [+0.572, -0.710, +0.176, -0.669, -0.737, -1.436, +0.069, -0.278, -0.627, +1.471] 0.35844 0.94014
chain_ones=0_hidden=0_hetero=1_scramble=1 SEM [+0.163, +0.089, +0.099, -0.299, -0.443, +0.000, +0.000, +0.000, +0.000, +0.000] 0.00000 0.00000
chain_ones=0_hidden=0_hetero=1_scramble=1 ERM [+0.541, -0.244, +0.867, -1.045, -2.459, -5.020, -2.652, -0.117, -0.027, -1.915] 1.09321 7.18358
chain_ones=0_hidden=0_hetero=1_scramble=1 IRM [-1.038, +0.122, +0.111, -0.578, +0.956, +0.557, -0.353, -0.759, -1.145, +0.983] 0.69606 0.65769
chain_ones=0_hidden=0_hetero=1_scramble=1 SEM [+0.113, +0.372, +0.323, +0.051, +0.290, +0.000, +0.000, +0.000, +0.000, +0.000] 0.00000 0.00000
chain_ones=0_hidden=0_hetero=1_scramble=1 ERM [+0.516, +0.320, +0.673, +0.327, -0.012, -0.474, -1.146, +1.608, +2.196, +0.025] 0.09114 1.78934
chain_ones=0_hidden=0_hetero=1_scramble=1 IRM [+1.226, +0.305, +0.200, -0.714, -1.549, -1.057, -0.246, -0.955, -0.048, +0.419] 1.04547 0.45355
chain_ones=0_hidden=0_hetero=1_scramble=1 SEM [-0.304, -0.008, -0.273, -0.421, +0.026, +0.000, +0.000, +0.000, +0.000, +0.000] 0.00000 0.00000
chain_ones=0_hidden=0_hetero=1_scramble=1 ERM [-2.016, +0.260, -0.954, +1.172, -0.493, +1.834, -1.922, -3.295, +0.816, +2.134] 1.25481 4.62774
chain_ones=0_hidden=0_hetero=1_scramble=1 IRM [-0.347, -0.007, -0.148, -0.137, -0.937, -0.346, -0.836, -1.096, -0.739, +1.312] 0.20494 0.85718
chain_ones=0_hidden=0_hetero=1_scramble=1 SEM [-0.472, -0.023, +0.192, +0.152, +0.043, +0.000, +0.000, +0.000, +0.000, +0.000] 0.00000 0.00000
chain_ones=0_hidden=0_hetero=1_scramble=1 ERM [-0.242, -0.125, -0.484, -0.002, +0.242, -0.354, +0.814, -0.170, -1.414, -0.325] 0.11681 0.58449
chain_ones=0_hidden=0_hetero=1_scramble=1 IRM [+0.453, -0.685, -0.512, +0.395, +0.745, +0.671, -0.795, +0.414, -1.588, +1.024] 0.46874 0.96525
chain_ones=0_hidden=0_hetero=1_scramble=1 SEM [-0.365, -0.363, +0.081, +0.059, -0.175, +0.000, +0.000, +0.000, +0.000, +0.000] 0.00000 0.00000
chain_ones=0_hidden=0_hetero=1_scramble=1 ERM [+0.179, +0.285, -0.154, -0.784, -0.785, +1.581, +0.206, -1.065, -1.530, -3.037] 0.37056 3.04795
chain_ones=0_hidden=0_hetero=1_scramble=1 IRM [-0.673, -1.107, +0.144, +0.261, -1.110, -0.408, -0.364, +0.997, +1.688, +0.786] 0.31370 0.95216chain_ones=0_hidden=0_hetero=1_scramble=1 SEM [-0.211, -0.157, +0.261, +0.259, -0.305, +0.000, +0.000, +0.000, +0.000, +0.000] 0.00000 0.00000
chain_ones=0_hidden=0_hetero=1_scramble=1 ERM [+0.205, -0.003, -0.017, +0.193, +0.275, +0.251, +0.030, +0.321, +0.547, +0.103] 0.12326 0.09531
chain_ones=0_hidden=0_hetero=1_scramble=1 IRM [+0.659, +0.552, -0.649, -1.506, +1.400, +0.616, +0.453, -0.850, -0.269, -1.421] 1.62245 0.67936
chain_ones=0_hidden=0_hetero=1_scramble=1 SEM [+0.084, -0.014, +0.359, +0.260, +0.151, +0.000, +0.000, +0.000, +0.000, +0.000] 0.00000 0.00000
chain_ones=0_hidden=0_hetero=1_scramble=1 ERM [+0.798, -1.590, +1.905, +1.255, +1.121, -0.456, +0.018, +0.176, -1.132, -0.510] 1.46284 0.35640
chain_ones=0_hidden=0_hetero=1_scramble=1 IRM [-0.038, +1.008, -0.619, -1.016, -0.717, -1.168, +0.124, -1.601, -1.842, -0.328] 0.87953 1.48872
chain_ones=0_hidden=0_hetero=1_scramble=1 SEM [+0.296, +0.033, -0.389, +0.024, +0.113, +0.000, +0.000, +0.000, +0.000, +0.000] 0.00000 0.00000
chain_ones=0_hidden=0_hetero=1_scramble=1 ERM [-0.383, -0.305, +0.328, -0.220, +0.105, +0.051, -0.050, -0.150, -0.165, -0.066] 0.22998 0.01187
chain_ones=0_hidden=0_hetero=1_scramble=1 IRM [-0.105, -0.047, +0.891, -0.488, +0.235, -1.889, -1.328, -0.149, -0.750, -1.323] 0.41692 1.53299
chain_ones=0_hidden=0_hetero=1_scramble=1 SEM [-0.348, +0.541, -0.308, -0.348, -0.251, +0.000, +0.000, +0.000, +0.000, +0.000] 0.00000 0.00000
chain_ones=0_hidden=0_hetero=1_scramble=1 ERM [+1.142, +1.493, -1.012, -1.517, +1.191, +2.197, -0.870, +0.107, +0.388, -0.586] 1.41356 1.21808
chain_ones=0_hidden=0_hetero=1_scramble=1 IRM [-0.003, -1.314, -1.591, +0.088, +0.435, +0.941, -0.873, -1.605, +0.875, -0.817] 1.17346 1.13112
chain_ones=0_hidden=0_hetero=1_scramble=1 SEM [+0.038, -0.065, -0.465, -0.093, -0.057, +0.000, +0.000, +0.000, +0.000, +0.000] 0.00000 0.00000
chain_ones=0_hidden=0_hetero=1_scramble=1 ERM [-0.124, -0.396, +0.333, +0.085, -0.184, -2.310, -0.212, +0.984, -0.393, +1.620] 0.16412 1.82563
chain_ones=0_hidden=0_hetero=1_scramble=1 IRM [+0.402, -1.080, +0.489, -1.485, +0.880, +1.195, -0.269, -0.587, +1.034, +0.116] 0.97820 0.58552
chain_ones=0_hidden=0_hetero=1_scramble=1 SEM [-0.283, -0.344, -0.249, +0.273, +0.067, +0.000, +0.000, +0.000, +0.000, +0.000] 0.00000 0.00000
chain_ones=0_hidden=0_hetero=1_scramble=1 ERM [+0.215, +0.078, +0.209, -0.151, +0.491, +0.528, +0.257, +0.020, +0.114, +0.243] 0.19927 0.08341
chain_ones=0_hidden=0_hetero=1_scramble=1 IRM [+0.950, +0.771, -0.837, -0.473, -0.380, -1.700, -1.130, -0.827, +0.821, +0.619] 0.77280 1.18173
chain_ones=0_hidden=0_hetero=1_scramble=1 SEM [+0.142, +0.153, +0.006, -0.237, +0.129, +0.000, +0.000, +0.000, +0.000, +0.000] 0.00000 0.00000
chain_ones=0_hidden=0_hetero=1_scramble=1 ERM [+0.460, +0.297, -0.019, -0.415, +0.230, +0.190, -0.133, +0.120, +0.715, -1.158] 0.03290 0.38413
chain_ones=0_hidden=0_hetero=1_scramble=1 IRM [+0.606, -1.133, +0.072, +0.912, +1.458, +0.835, +0.463, +0.642, +0.066, -0.187] 0.99161 0.27237
chain_ones=0_hidden=0_hetero=1_scramble=1 SEM [-0.137, -0.105, -0.190, +0.194, -0.097, +0.000, +0.000, +0.000, +0.000, +0.000] 0.00000 0.00000
chain_ones=0_hidden=0_hetero=1_scramble=1 ERM [-0.005, +0.506, -1.075, +0.189, -1.819, +0.294, -0.930, -0.357, +0.500, -0.218] 0.82748 0.27532
chain_ones=0_hidden=0_hetero=1_scramble=1 IRM [-1.788, -0.649, +0.561, -0.463, +0.608, +0.033, +1.120, -0.959, -0.683, +0.114] 0.90235 0.53088
chain_ones=0_hidden=0_hetero=1_scramble=1 SEM [+0.021, +0.293, +0.145, +0.070, -0.101, +0.000, +0.000, +0.000, +0.000, +0.000] 0.00000 0.00000
chain_ones=0_hidden=0_hetero=1_scramble=1 ERM [+0.142, +0.399, -0.340, -0.667, -0.401, +0.186, +0.438, -0.238, +0.295, +0.287] 0.17884 0.09048
chain_ones=0_hidden=0_hetero=1_scramble=1 IRM [+0.013, -1.229, +1.865, +0.259, -0.182, +0.490, -0.344, -1.653, +0.044, +0.244] 1.06365 0.63039
chain_ones=0_hidden=0_hetero=1_scramble=1 SEM [-0.333, +0.288, -0.162, -0.353, +0.051, +0.000, +0.000, +0.000, +0.000, +0.000] 0.00000 0.00000
chain_ones=0_hidden=0_hetero=1_scramble=1 ERM [+0.203, -1.631, +0.181, +1.038, +1.016, +0.188, +0.572, +0.862, +1.262, +0.936] 1.39132 0.71508
chain_ones=0_hidden=0_hetero=1_scramble=1 IRM [+0.814, -0.952, +0.403, -1.075, -0.950, -0.753, +0.539, +0.145, -0.151, +0.548] 0.93975 0.24016chain_ones=0_hidden=0_hetero=1_scramble=1 SEM [-0.211, -0.157, +0.261, +0.259, -0.305, +0.000, +0.000, +0.000, +0.000, +0.000] 0.00000 0.00000
chain_ones=0_hidden=0_hetero=1_scramble=1 ERM [+0.205, -0.003, -0.017, +0.193, +0.275, +0.251, +0.030, +0.321, +0.547, +0.103] 0.12326 0.09531
chain_ones=0_hidden=0_hetero=1_scramble=1 IRM [+0.659, +0.552, -0.649, -1.506, +1.400, +0.616, +0.453, -0.850, -0.269, -1.421] 1.62245 0.67936
chain_ones=0_hidden=0_hetero=1_scramble=1 SEM [+0.084, -0.014, +0.359, +0.260, +0.151, +0.000, +0.000, +0.000, +0.000, +0.000] 0.00000 0.00000
chain_ones=0_hidden=0_hetero=1_scramble=1 ERM [+0.798, -1.590, +1.905, +1.255, +1.121, -0.456, +0.018, +0.176, -1.132, -0.510] 1.46284 0.35640
chain_ones=0_hidden=0_hetero=1_scramble=1 IRM [-0.038, +1.008, -0.619, -1.016, -0.717, -1.168, +0.124, -1.601, -1.842, -0.328] 0.87953 1.48872
chain_ones=0_hidden=0_hetero=1_scramble=1 SEM [+0.296, +0.033, -0.389, +0.024, +0.113, +0.000, +0.000, +0.000, +0.000, +0.000] 0.00000 0.00000
chain_ones=0_hidden=0_hetero=1_scramble=1 ERM [-0.383, -0.305, +0.328, -0.220, +0.105, +0.051, -0.050, -0.150, -0.165, -0.066] 0.22998 0.01187
chain_ones=0_hidden=0_hetero=1_scramble=1 IRM [-0.105, -0.047, +0.891, -0.488, +0.235, -1.889, -1.328, -0.149, -0.750, -1.323] 0.41692 1.53299
chain_ones=0_hidden=0_hetero=1_scramble=1 SEM [-0.348, +0.541, -0.308, -0.348, -0.251, +0.000, +0.000, +0.000, +0.000, +0.000] 0.00000 0.00000
chain_ones=0_hidden=0_hetero=1_scramble=1 ERM [+1.142, +1.493, -1.012, -1.517, +1.191, +2.197, -0.870, +0.107, +0.388, -0.586] 1.41356 1.21808
chain_ones=0_hidden=0_hetero=1_scramble=1 IRM [-0.003, -1.314, -1.591, +0.088, +0.435, +0.941, -0.873, -1.605, +0.875, -0.817] 1.17346 1.13112
chain_ones=0_hidden=0_hetero=1_scramble=1 SEM [+0.038, -0.065, -0.465, -0.093, -0.057, +0.000, +0.000, +0.000, +0.000, +0.000] 0.00000 0.00000
chain_ones=0_hidden=0_hetero=1_scramble=1 ERM [-0.124, -0.396, +0.333, +0.085, -0.184, -2.310, -0.212, +0.984, -0.393, +1.620] 0.16412 1.82563
chain_ones=0_hidden=0_hetero=1_scramble=1 IRM [+0.402, -1.080, +0.489, -1.485, +0.880, +1.195, -0.269, -0.587, +1.034, +0.116] 0.97820 0.58552
chain_ones=0_hidden=0_hetero=1_scramble=1 SEM [-0.283, -0.344, -0.249, +0.273, +0.067, +0.000, +0.000, +0.000, +0.000, +0.000] 0.00000 0.00000
chain_ones=0_hidden=0_hetero=1_scramble=1 ERM [+0.215, +0.078, +0.209, -0.151, +0.491, +0.528, +0.257, +0.020, +0.114, +0.243] 0.19927 0.08341
chain_ones=0_hidden=0_hetero=1_scramble=1 IRM [+0.950, +0.771, -0.837, -0.473, -0.380, -1.700, -1.130, -0.827, +0.821, +0.619] 0.77280 1.18173
chain_ones=0_hidden=0_hetero=1_scramble=1 SEM [+0.142, +0.153, +0.006, -0.237, +0.129, +0.000, +0.000, +0.000, +0.000, +0.000] 0.00000 0.00000
chain_ones=0_hidden=0_hetero=1_scramble=1 ERM [+0.460, +0.297, -0.019, -0.415, +0.230, +0.190, -0.133, +0.120, +0.715, -1.158] 0.03290 0.38413
chain_ones=0_hidden=0_hetero=1_scramble=1 IRM [+0.606, -1.133, +0.072, +0.912, +1.458, +0.835, +0.463, +0.642, +0.066, -0.187] 0.99161 0.27237
chain_ones=0_hidden=0_hetero=1_scramble=1 SEM [-0.137, -0.105, -0.190, +0.194, -0.097, +0.000, +0.000, +0.000, +0.000, +0.000] 0.00000 0.00000
chain_ones=0_hidden=0_hetero=1_scramble=1 ERM [-0.005, +0.506, -1.075, +0.189, -1.819, +0.294, -0.930, -0.357, +0.500, -0.218] 0.82748 0.27532
chain_ones=0_hidden=0_hetero=1_scramble=1 IRM [-1.788, -0.649, +0.561, -0.463, +0.608, +0.033, +1.120, -0.959, -0.683, +0.114] 0.90235 0.53088
chain_ones=0_hidden=0_hetero=1_scramble=1 SEM [+0.021, +0.293, +0.145, +0.070, -0.101, +0.000, +0.000, +0.000, +0.000, +0.000] 0.00000 0.00000
chain_ones=0_hidden=0_hetero=1_scramble=1 ERM [+0.142, +0.399, -0.340, -0.667, -0.401, +0.186, +0.438, -0.238, +0.295, +0.287] 0.17884 0.09048
chain_ones=0_hidden=0_hetero=1_scramble=1 IRM [+0.013, -1.229, +1.865, +0.259, -0.182, +0.490, -0.344, -1.653, +0.044, +0.244] 1.06365 0.63039
chain_ones=0_hidden=0_hetero=1_scramble=1 SEM [-0.333, +0.288, -0.162, -0.353, +0.051, +0.000, +0.000, +0.000, +0.000, +0.000] 0.00000 0.00000
chain_ones=0_hidden=0_hetero=1_scramble=1 ERM [+0.203, -1.631, +0.181, +1.038, +1.016, +0.188, +0.572, +0.862, +1.262, +0.936] 1.39132 0.71508
chain_ones=0_hidden=0_hetero=1_scramble=1 IRM [+0.814, -0.952, +0.403, -1.075, -0.950, -0.753, +0.539, +0.145, -0.151, +0.548] 0.93975 0.24016